52                                               

5.568168011880277e-01 -4.570039989478549e-01
2.020202298670940e-01 7.110403014435314e-01
3.146818733533069e-01 7.750195589591133e-01
1.000000000000000e+00 0.000000000000000e+00
-5.241801064945518e-02 1.107152330588504e-02

6.682379111234978e-01 5.789584201608164e-01
-2.094809955643872e-01 3.794786224519152e-01
6.851709368771107e-01 3.552137329909759e-01
1.000000000000000e+00 0.000000000000000e+00
8.914058528280330e-02 1.258689848513930e-02

-1.847693164325417e-01 -8.306916423153042e-01
-1.118663214305149e-02 1.533426731709925e+00
8.038888761396145e-01 7.525403375883477e-01
1.000000000000000e+00 0.000000000000000e+00
9.573825281174959e-03 1.907781417556776e-03

-5.557502368401728e-01 -8.449527134231685e-01
6.315142497172805e-01 3.917358033970513e-01
3.616847161331804e-02 1.560541350961979e+00
1.000000000000000e+00 0.000000000000000e+00
1.450617498572242e-02 1.521694996942210e-02

-6.207622297317910e-01 -5.409799855628374e-01
5.050227426603633e-01 -1.478659565281636e+00
-7.414688268303891e-01 1.241390690990551e+00
1.000000000000000e+00 0.000000000000000e+00
3.874834366288686e-02 -1.247323047065898e-02

5.572102275314664e-01 3.595575399887935e-01
2.646636563783084e-01 -6.731079919516029e-01
1.032621969421459e-01 -7.409500359165129e-01
1.000000000000000e+00 0.000000000000000e+00
2.434796191113171e-01 -2.335124285789112e-01

5.715099679130247e-01 -9.195837670510805e-01
1.073761965188206e-01 1.096718598454372e+00
1.039082898650581e+00 9.954907951306480e-01
1.000000000000000e+00 0.000000000000000e+00
3.556774517716156e-03 1.013187756892305e-02

2.103589321316220e+00 6.240046474258698e-02
2.912985337036063e-01 3.817536409149568e-01
3.684070852792044e-01 7.172963318826264e-01
1.000000000000000e+00 0.000000000000000e+00
-5.259962406536925e-02 -1.380545954925333e-02

6.293030476403524e-01 5.576052987109554e-01
1.858515237260793e-01 -8.290562839573721e-01
-5.915333427139476e-01 6.687917667345867e-01
1.000000000000000e+00 0.000000000000000e+00
1.351418730494922e-01 -6.680465707949997e-02

-8.687021021290839e-01 -3.367356728377991e-01
4.248902918504968e-01 -3.333796991758126e-01
1.054867543833083e+00 8.462181522282100e-02
1.000000000000000e+00 0.000000000000000e+00
-1.256534802214391e-02 5.861592291178550e-02

3.825146323885331e-01 -6.682553831075241e-01
1.192451457342208e+00 6.362793084755795e-01
4.764705959992427e-01 1.613264665915221e+00
1.000000000000000e+00 0.000000000000000e+00
5.937860040914593e-03 1.247121709631277e-02

5.227961638855259e-01 2.052598301079946e-01
-1.928695359549137e-01 2.245564285383612e-01
-6.738294014986398e-02 -8.929429813234632e-01
1.000000000000000e+00 0.000000000000000e+00
2.168445510270888e-01 -3.950774224666533e-02

-8.915603081474163e-01 -2.124472694167722e-01
6.757226700791371e-01 -6.744223709204271e-01
-1.310975776556583e+00 -5.343650314469048e-01
1.000000000000000e+00 0.000000000000000e+00
-6.066927809960607e-02 3.750303616005446e-02

6.095717703785457e-01 -3.521117748513740e-01
1.786275184209398e-01 6.206087648108729e-01
8.887519123373410e-01 -2.747060716090118e-01
1.000000000000000e+00 0.000000000000000e+00
-1.045539556956685e-01 5.587956186979912e-02

5.106721170133424e-01 -7.869035984715231e-02
4.626523560232292e-01 4.098339746639041e-01
-2.530298152274912e-01 -8.991617068532649e-01
1.000000000000000e+00 0.000000000000000e+00
1.919266634424138e-01 6.616976809987038e-02

2.078653879903038e+00 -9.741775746934633e-03
1.302947676063364e+00 -2.164869794422801e-01
-1.297310618892689e+00 -6.915925066333070e-02
1.000000000000000e+00 0.000000000000000e+00
-7.987212245366521e-02 -2.258161490650780e-02

-4.249900980137984e-01 -6.226985345937470e-03
4.543843457510340e-01 9.049570366251984e-01
-3.247375448454624e-01 -1.383141534765806e+00
1.000000000000000e+00 0.000000000000000e+00
6.869297717437539e-02 1.887902775224383e-02

2.195595214424210e+00 8.935283299179853e-02
-1.026377702247470e+00 -1.373961124090705e-01
1.110231038147828e+00 -5.935223015944990e-01
1.000000000000000e+00 0.000000000000000e+00
-6.182214469067240e-02 -1.185191641051076e-02

1.014001959950056e+00 -4.210544417712211e-01
-9.351289051442029e-02 -7.797841972141266e-01
-1.861455869717222e-01 9.708776055391753e-01
1.000000000000000e+00 0.000000000000000e+00
4.900624679013284e-02 5.766254191684131e-02

1.381555814895719e+00 -5.127273070554630e-01
-4.066519659433637e-01 5.995493063717124e-01
-2.332370132395468e-01 -1.414198918989804e+00
1.000000000000000e+00 0.000000000000000e+00
6.878610603496965e-02 7.326613636469324e-03

2.123844063771734e+00 -1.552192560861165e-02
-9.612468319974607e-01 -3.346424127264264e-02
3.586491113891944e-01 6.557542230736014e-01
1.000000000000000e+00 0.000000000000000e+00
-6.729434743976279e-02 -3.455012544967354e-02

4.704747460833422e-01 -2.766627645538568e-01
3.080986237804522e-01 6.004293404165919e-01
-8.992326423582288e-01 1.983603265524097e-01
1.000000000000000e+00 0.000000000000000e+00
-9.201183031939573e-02 -1.578319960331357e-01

8.331751178022779e-01 6.125618597980413e-01
-1.723055608760372e-01 4.052099634731446e-01
-3.559918524634110e-01 9.496758505188695e-01
1.000000000000000e+00 0.000000000000000e+00
7.675222505898639e-02 3.253691691931767e-02

-1.294800713971584e+00 4.586361118078415e-01
5.767520106480755e-01 1.086150529118203e+00
4.066440431512776e-01 7.724295916038131e-01
1.000000000000000e+00 0.000000000000000e+00
-3.554900981152936e-02 -5.834169534483133e-03

1.379116357562964e+00 -3.139919835992925e-01
2.167267654241517e-01 -6.080732007573533e-01
-1.667794309425660e-01 -1.144191093375772e+00
1.000000000000000e+00 0.000000000000000e+00
1.168811698550706e-01 3.708958622849208e-03

1.988202420864794e+00 -1.502479463730588e-02
-8.253883785006123e-01 -2.498623999197630e-02
-1.115568008774945e+00 3.676268640899766e-02
1.000000000000000e+00 0.000000000000000e+00
-1.024391269341368e-01 -5.924030068327892e-02

3.860925316342073e-01 7.346333092672636e-02
5.572474454663466e-01 -3.836758079427257e-01
-8.445433931446913e-01 -2.662394274953240e-01
1.000000000000000e+00 0.000000000000000e+00
-2.180664800097642e-01 6.372835652611269e-02

1.073816633876545e+00 -4.937560163045667e-01
-3.531747784594153e-02 -8.534852215631332e-01
8.214527972186849e-01 3.284654519465756e-01
1.000000000000000e+00 0.000000000000000e+00
5.032151072184407e-02 4.138249938135665e-02

-1.007006498903828e+00 6.183913618170214e-01
5.959599744477817e-01 1.052236473999829e+00
-1.447605461378613e+00 2.678540956735332e-01
1.000000000000000e+00 0.000000000000000e+00
-3.951554818047862e-02 -4.204499934863286e-02

-3.543164930257373e-01 -1.855176546991057e-01
-1.707892639784291e-01 3.243219483410924e-01
1.142262663707239e-02 -1.333752872483464e+00
1.000000000000000e+00 0.000000000000000e+00
7.612432732814410e-02 -2.555003361704473e-02

-8.766240346820415e-01 -3.811047574569814e-01
5.005178808173157e-01 -2.404709682635806e-01
1.220589214160542e-01 9.764159648294906e-01
1.000000000000000e+00 0.000000000000000e+00
-7.734994563964693e-03 4.965900101814152e-02

-1.161786897736756e+00 3.475997109938648e-01
5.606063437387936e-01 1.073798869970171e+00
1.239083388198872e+00 -4.808290013440082e-01
1.000000000000000e+00 0.000000000000000e+00
-5.114348192987545e-02 3.329313679534714e-03

1.892118304572185e+00 1.446647529779532e-02
2.791788697373444e-01 2.699971179701858e-01
-1.164095930877650e+00 -6.420837652652278e-03
1.000000000000000e+00 0.000000000000000e+00
-9.830919124752951e-02 -4.371511668478058e-02

5.001226144668494e-01 -4.242213323060462e-04
4.180084700957192e-01 -1.327365776047283e-01
-1.253399682736916e-02 6.123619580158399e-01
1.000000000000000e+00 0.000000000000000e+00
-7.120380141403390e-02 2.571159230817179e-01

2.183478827717380e+00 2.476643521925772e-01
1.492378923363147e+00 -3.961104565369590e-02
1.232801558954401e+00 -3.120994265194344e-01
1.000000000000000e+00 0.000000000000000e+00
-4.832791903143864e-02 1.962013570980183e-02

5.866417297999381e-01 4.653939189736713e-01
2.293601563914867e-01 -7.611677247978241e-01
4.957928056689622e-01 3.451014512831916e-01
1.000000000000000e+00 0.000000000000000e+00
1.676978543909859e-01 -1.165512235164207e-01

2.264010924308464e+00 1.360606432397001e-01
1.519982412383368e+00 -1.574600070925609e-01
3.464494745783809e-01 7.732900583964958e-01
1.000000000000000e+00 0.000000000000000e+00
-4.719485800186232e-02 3.686749788713511e-03

-8.915800462167480e-01 2.230922565132957e-01
-5.193827701559289e-01 -1.079992537953352e-01
-1.278274772283508e+00 -2.279134665435034e-02
1.000000000000000e+00 0.000000000000000e+00
-7.996626156368056e-02 -3.064712663556823e-02

5.121345484357407e-01 -6.314792710699263e-03
3.929713031834302e-01 -9.964924317009963e-02
6.486053047498912e-01 -4.345892259911704e-02
1.000000000000000e+00 0.000000000000000e+00
-4.391540400465052e-02 2.682212133430575e-01

2.089097050003371e+00 2.629777491965505e-01
2.209964445783819e-01 4.122422903580766e-01
1.238933096539317e+00 -3.934999102018516e-01
1.000000000000000e+00 0.000000000000000e+00
-5.039477633541692e-02 1.171104701433085e-02

3.564035787941454e-01 -2.149856934201094e-01
-5.477652358809301e-01 -5.219060602006828e-02
3.361268761198534e-01 6.164184968352278e-01
1.000000000000000e+00 0.000000000000000e+00
-8.744155416023280e-02 -5.042367143216033e-02

4.704680181317310e-01 -3.279293686553432e-01
-6.086810024038208e-01 -3.081135160068081e-01
1.073212697706336e+00 -3.602906610765561e-01
1.000000000000000e+00 0.000000000000000e+00
-7.013255094021287e-02 2.075217452533503e-02

1.386919823213772e+00 -2.538660587739013e-01
7.968103745065639e-01 2.977839826266663e-01
-8.045630629221534e-02 -1.386202090236588e+00
1.000000000000000e+00 0.000000000000000e+00
7.272622339341067e-02 -1.135122156819426e-02

-5.309031974600100e-01 -4.979155926672023e-01
6.965316604372310e-01 -1.471258953367826e+00
6.365001619376772e-01 5.719344168442199e-01
1.000000000000000e+00 0.000000000000000e+00
2.655969805882025e-02 -2.680376730050885e-02

4.102894850987282e-01 -9.164690652398125e-02
-3.695514650989097e-01 -2.393325163883701e-02
-8.399311454653320e-01 6.469652342596524e-02
1.000000000000000e+00 0.000000000000000e+00
-1.815854729727955e-01 -1.553377344638440e-01

-6.241874010316198e-01 -6.873705845620045e-01
2.414634423228065e-01 1.225205315044524e+00
3.697965862230190e-02 1.695175231427327e+00
1.000000000000000e+00 0.000000000000000e+00
1.366406154544879e-02 1.196302644898508e-02

9.382005506393690e-01 4.546774931375427e-01
9.388672685770929e-01 5.480136470214092e-01
-3.207048148577653e-01 1.095853075055591e+00
1.000000000000000e+00 0.000000000000000e+00
5.133880669742139e-02 2.660930451914675e-02

7.162933688891071e-01 3.975618647007623e-01
8.428532352591296e-01 5.845712736605997e-01
7.629781008939622e-01 3.945402281370671e-01
1.000000000000000e+00 0.000000000000000e+00
5.809210108089503e-02 1.874859613812789e-02

-1.206741447979481e+00 2.001630620133175e-01
-7.276493236645761e-01 -3.016469824829082e-01
3.734559416187917e-01 7.809567821716094e-01
1.000000000000000e+00 0.000000000000000e+00
-4.079531270617781e-02 3.096429908805570e-04

3.271397967538733e-01 -1.218012212961936e+00
7.753286586684307e-01 6.593724990559418e-01
8.402260633609862e-01 7.301698460848122e-01
1.000000000000000e+00 0.000000000000000e+00
1.133462501116166e-02 3.967772432476966e-03

-5.961336906306670e-01 -3.910691731601755e-01
6.589051854280605e-01 -1.252119018326900e+00
3.561233285460995e-01 -1.297598927643547e+00
1.000000000000000e+00 0.000000000000000e+00
4.298564277057237e-02 -6.068423910788031e-02

-1.170516351066356e+00 1.483896173057522e-02
-5.999094326563303e-01 -4.464977354654974e-01
1.294853127439796e+00 -2.916465439581888e-01
1.000000000000000e+00 0.000000000000000e+00
-4.229744107025020e-02 1.862942228742456e-02

