108

-2.399446826839298e-02 -6.202319209297178e-01;
6.676447104963359e-01 3.479023646437387e-01;
1.355549705914719e-01 -7.644094045684562e-01;
-1.254706057117903e-01 1.405977160679681e-01;
6.187996786319870e-01 2.972352082141497e-01;
3.268358440328985e-01 2.325441744299565e-01;

-1.862123845611764e+00 -1.439802571416684e+00;
-1.196275453713997e+00 4.199537850693788e+00;
2.709479620746369e+00 -8.089729908679991e-01;
-5.161251723684704e+00 -1.629295403688711e+00;
6.187996786319870e-01 2.972352082141497e-01;
3.268358440328985e-01 2.325441744299565e-01;

-4.986968653820470e-02 -9.523762259208954e-01;
-3.990658864557627e-02 3.807943474565216e-01;
3.452484792213893e-01 -3.934329735090699e-01;
-2.655306487495017e-01 -7.318181810343271e-01;
6.187996786319870e-01 2.972352082141497e-01;
3.268358440328985e-01 2.325441744299565e-01;

6.479489944620159e-01 -1.476367974490292e+00;
2.253488277740398e-01 -4.402925264279963e-01;
-2.872462502946833e-01 3.971939068013049e-01;
5.384022376495027e-01 -1.288974629957725e+00;
6.187996786319870e-01 2.972352082141497e-01;
3.268358440328985e-01 2.325441744299565e-01;

-9.185401134133488e-01 -4.557780314113466e-01;
-1.261058256361715e+00 8.694324376748551e-01;
1.243133385094646e+00 -1.087191048834015e+00;
-7.112935047155744e-01 -8.047079157279636e-01;
6.187996786319870e-01 2.972352082141497e-01;
3.268358440328985e-01 2.325441744299565e-01;

5.112814106533453e-02 -7.196091999072511e-01;
-2.846854249063530e-01 4.444802679908238e-01;
2.154665401768524e-01 -5.801358988170707e-01;
7.878044967659051e-03 -8.463982767897168e-01;
6.187996786319870e-01 2.972352082141497e-01;
3.268358440328985e-01 2.325441744299565e-01;

1.388880149085164e+00 1.003124236144335e+00;
2.362892649861861e+00 -2.180104540158563e-01;
-1.963221196434839e+00 -2.017483692395109e+00;
2.404096837315548e+00 1.961509060798430e+00;
6.187996786319870e-01 2.972352082141497e-01;
3.268358440328985e-01 2.325441744299565e-01;

-5.618902380520403e-01 3.518605318091663e-01;
-5.638903340319547e-01 -1.171756964493684e+00;
4.121856584909802e-01 -1.580874049406138e+00;
1.814768387499000e+00 6.814770912841029e-01;
6.187996786319870e-01 2.972352082141497e-01;
3.268358440328985e-01 2.325441744299565e-01;

-1.091959249112063e+00 5.457293384404404e-01;
-1.355169263176520e+00 -8.758781131905415e-01;
9.966788814233178e-01 -1.893439421577032e+00;
1.469357228626060e+00 5.075462543609971e-01;
6.187996786319870e-01 2.972352082141497e-01;
3.268358440328985e-01 2.325441744299565e-01;

-9.166437466078967e-01 2.711814784398579e-01;
4.132877561467523e-01 -2.488437063829675e-02;
-1.459132436794379e-03 1.259704555493215e+00;
9.502015819480657e-01 8.125310849737877e-02;
6.187996786319870e-01 2.972352082141497e-01;
3.268358440328985e-01 2.325441744299565e-01;

-3.588596913323411e-01 -4.920523429984048e-01;
3.978251260307544e-01 8.972148455959278e-03;
-1.581320410001838e-01 1.201727117864781e-01;
4.608813118876040e-01 -6.309866946826510e-02;
6.187996786319870e-01 2.972352082141497e-01;
3.268358440328985e-01 2.325441744299565e-01;

-1.085428325703243e-02 -1.734874557930584e-01;
3.818787117730494e-01 -5.556283194364316e-04;
4.157350075992658e-01 1.049715041715392e-01;
5.593331099793574e-01 -2.979094581823493e-01;
6.187996786319870e-01 2.972352082141497e-01;
3.268358440328985e-01 2.325441744299565e-01;

-4.816253631451061e-01 4.934763820328685e-01;
3.976900370229081e-01 3.652116148917907e-02;
4.890574288741495e-01 1.071734444440083e+00;
9.645851905208812e-01 -1.811271159542274e-01;
6.187996786319870e-01 2.972352082141497e-01;
3.268358440328985e-01 2.325441744299565e-01;

-1.881749268872253e-01 -4.400777242670725e-01;
4.557088764771889e-01 6.676259963377786e-01;
-7.493137007468681e-01 -8.525620361233774e-02;
2.638576435255253e-01 -1.578591014443167e-01;
6.187996786319870e-01 2.972352082141497e-01;
3.268358440328985e-01 2.325441744299565e-01;

-5.943072055793638e-02 -8.006460762004095e-02;
2.888045192822071e-01 4.847139706687543e-01;
-9.070221386566167e-02 -1.688429851098665e-02;
4.766528731572747e-01 -3.303571432773430e-01;
6.187996786319870e-01 2.972352082141497e-01;
3.268358440328985e-01 2.325441744299565e-01;

-8.163077598840793e-01 -2.225468046525849e-01;
4.786094936853551e-01 -2.639802990930306e-02;
-3.240600083069171e-01 8.244826365850747e-01;
6.855643699592818e-01 1.396408259117251e-01;
6.187996786319870e-01 2.972352082141497e-01;
3.268358440328985e-01 2.325441744299565e-01;

-1.066496464873367e+00 -1.208488026546992e+00;
1.879599882780651e+00 -3.415893263762361e+00;
2.224579944033827e+00 2.727740797110519e+00;
1.184338340771883e+00 9.364594936226187e-01;
6.187996786319870e-01 2.972352082141497e-01;
3.268358440328985e-01 2.325441744299565e-01;

-1.965628421139735e-01 5.752295956195079e-01;
5.514568067161999e-01 3.615341939030708e+00;
-3.400299225523264e+00 1.058717532357330e-01;
-8.520314354041540e-02 -3.871733587322426e-01;
6.187996786319870e-01 2.972352082141497e-01;
3.268358440328985e-01 2.325441744299565e-01;

-4.115673533709180e-02 -1.553037021151601e-01;
5.053243287524960e-01 3.111189337311487e-01;
6.069477067028458e-01 -1.833907210229873e-01;
1.501055441693272e-01 -1.456026717997028e-01;
6.187996786319870e-01 2.972352082141497e-01;
3.268358440328985e-01 2.325441744299565e-01;

-4.182066268166877e-01 -5.535631067712554e-01;
2.753016740170993e-01 1.864289959806645e-01;
-1.352984231012430e-02 1.096624276515562e-01;
2.162362705403739e-01 -2.007380052995272e-01;
6.187996786319870e-01 2.972352082141497e-01;
3.268358440328985e-01 2.325441744299565e-01;

-2.558555261571310e-01 -3.887589141205731e-01;
3.733551071385413e-01 2.370895188244916e-01;
2.456955918660623e-01 -1.912468487691368e-02;
1.888080596550395e-01 -1.769315959867015e-01;
6.187996786319870e-01 2.972352082141497e-01;
3.268358440328985e-01 2.325441744299565e-01;

-1.674605139569071e+00 -4.106370100598080e-01;
7.145323948002846e-02 1.091231703931021e-01;
-1.722301054063024e-02 1.522599943129488e+00;
2.044287659379610e-01 4.400778061363827e-03;
6.187996786319870e-01 2.972352082141497e-01;
3.268358440328985e-01 2.325441744299565e-01;

-3.195559315885970e-01 -5.744252051828682e-01;
1.039230385950565e-01 3.956981107292725e-01;
-2.028512021196718e-01 8.926664264390914e-02;
2.011003535879297e-01 -4.522425723815104e-01;
6.187996786319870e-01 2.972352082141497e-01;
3.268358440328985e-01 2.325441744299565e-01;

-6.564880655551840e-03 -3.410168148327519e-01;
5.411093568909621e-02 4.614636049550407e-01;
4.147786014864827e-02 -2.442485202518229e-01;
2.905010604898859e-01 -5.474858892584624e-01;
6.187996786319870e-01 2.972352082141497e-01;
3.268358440328985e-01 2.325441744299565e-01;

-1.332196310165876e+00 -2.407163295381652e-01;
1.530696825120606e-01 1.838420332103028e-01;
2.390709384985421e-01 1.189851670422668e+00;
2.028847414387406e-01 -3.245309711799577e-02;
6.187996786319870e-01 2.972352082141497e-01;
3.268358440328985e-01 2.325441744299565e-01;

-7.054137335457870e-01 9.487550473943585e-02;
-2.124199061524301e-01 -1.652453097591062e+00;
8.822603234205370e-01 -8.859453829369744e-01;
1.712729767676009e+00 7.484613942715106e-01;
6.187996786319870e-01 2.972352082141497e-01;
3.268358440328985e-01 2.325441744299565e-01;

-1.005905260092770e+00 2.066174871338587e-01;
5.174205667512473e-01 -1.228028260726349e+00;
1.392059434389492e+00 -4.905826594427987e-02;
9.981732580546391e-01 1.025837034507328e+00;
6.187996786319870e-01 2.972352082141497e-01;
3.268358440328985e-01 2.325441744299565e-01;

-9.728628383465650e-01 9.852577873579375e-02;
4.777068117470819e-01 -3.323020190877329e-02;
-2.522911134761059e-01 1.110197453942023e+00;
8.877095235375123e-01 2.231659281545012e-01;
6.187996786319870e-01 2.972352082141497e-01;
3.268358440328985e-01 2.325441744299565e-01;

-3.331120789106962e-01 -4.000769352172462e-01;
6.124522940365679e-01 -1.005840846890222e-01;
-3.059311673821418e-01 5.381723298424947e-02;
6.285040426791267e-01 2.020305977367558e-01;
6.187996786319870e-01 2.972352082141497e-01;
3.268358440328985e-01 2.325441744299565e-01;

-2.075393214854406e-01 8.331414645804534e-02;
6.176123209731141e-01 -7.970274995948422e-03;
3.042743172247820e-01 2.815127966574590e-01;
7.037599573728759e-01 6.068049404892687e-02;
6.187996786319870e-01 2.972352082141497e-01;
3.268358440328985e-01 2.325441744299565e-01;

-7.273097693874009e-01 7.629459682351883e-01;
4.081018234460023e-01 1.172724387953617e-01;
5.872651389571119e-01 1.204516994563562e+00;
9.928144801771460e-01 7.390638731147133e-03;
6.187996786319870e-01 2.972352082141497e-01;
3.268358440328985e-01 2.325441744299565e-01;

-1.587543327596214e-02 -4.377463629433296e-01;
8.602607896677685e-01 6.168016510209529e-01;
-1.217386899380374e+00 1.548108869429382e-01;
4.950798738593483e-01 -7.119588099278316e-03;
6.187996786319870e-01 2.972352082141497e-01;
3.268358440328985e-01 2.325441744299565e-01;

-9.255160599914099e-02 2.286923037159839e-01;
5.638603987909544e-01 4.862886280178617e-01;
-2.195651277751896e-01 2.614609230753960e-01;
7.163429570744798e-01 -9.838326239913120e-02;
6.187996786319870e-01 2.972352082141497e-01;
3.268358440328985e-01 2.325441744299565e-01;

-7.168233359472033e-01 -1.664639660536254e-01;
5.639549740100719e-01 -3.455696599476481e-02;
-3.974815721285290e-01 6.953918186397973e-01;
7.628572618568569e-01 2.225779900546180e-01;
6.187996786319870e-01 2.972352082141497e-01;
3.268358440328985e-01 2.325441744299565e-01;

-2.507837405135778e+00 2.959783913623249e-01;
-2.102683609042796e+00 -4.797097368807988e+00;
5.952139560017308e+00 -1.895261285492659e+00;
1.849354827186036e+00 1.488018073414107e+00;
6.187996786319870e-01 2.972352082141497e-01;
3.268358440328985e-01 2.325441744299565e-01;

-1.087295823153204e+00 7.385140576022149e-01;
-2.296910483339081e+00 -4.109505698738821e-01;
5.129912444029392e-01 -2.813788926833680e+00;
1.642530770218607e+00 1.624738316480191e-01;
6.187996786319870e-01 2.972352082141497e-01;
3.268358440328985e-01 2.325441744299565e-01;

1.848274184316828e-01 -5.627426054556205e-01;
8.037046638704313e-01 -9.203458930446309e-02;
-1.375864508272114e-01 -7.180626242890111e-01;
4.389378153970897e-01 2.475126348264221e-01;
-1.510163375393929e-02 1.094984928446742e+00;
2.712003115037788e-01 -8.240355310580557e-01;

-4.878338919767887e-01 -6.474998574664221e-01;
5.788432121894775e-01 1.331779915081704e+00;
6.879266691974983e-01 -9.837586905783110e-01;
-1.357478410388823e+00 1.685913240736962e-01;
-1.510163375393929e-02 1.094984928446742e+00;
2.712003115037788e-01 -8.240355310580557e-01;

3.213398323292220e-01 -8.821200948850255e-01;
1.340859873332656e-01 -4.033784984670456e-01;
-1.230176271682094e-01 -2.740259284709971e-01;
7.308917528534203e-01 -6.261906239779074e-01;
-1.510163375393929e-02 1.094984928446742e+00;
2.712003115037788e-01 -8.240355310580557e-01;

1.228660574991131e+00 -1.542403286819318e-01;
1.036470929368637e+00 8.571761212486031e-01;
-1.225938384378774e+00 -9.557535422861497e-01;
7.502515816621416e-01 -2.757219346282135e-01;
-1.510163375393929e-02 1.094984928446742e+00;
2.712003115037788e-01 -8.240355310580557e-01;

1.572699847480512e+00 2.398310527577306e-01;
1.457482594876235e+00 1.217749289687679e+00;
-1.697060142517210e+00 -1.321676434602491e+00;
9.333082644681662e-01 5.156305345524820e-02;
-1.510163375393929e-02 1.094984928446742e+00;
2.712003115037788e-01 -8.240355310580557e-01;

3.622362868247974e-01 -6.537390126721214e-01;
5.159646029424815e-02 4.659612459362943e-01;
-1.471215248252485e-01 -5.859168995013713e-01;
2.163619827061161e-01 -7.541952844786195e-01;
-1.510163375393929e-02 1.094984928446742e+00;
2.712003115037788e-01 -8.240355310580557e-01;

-8.192487758108014e-01 1.176456987471912e+00;
-9.402016995773955e-01 6.520973210125100e-02;
5.758899263570004e-01 -2.582017758999647e+00;
1.282103642905237e+00 9.395475505414619e-01;
-1.510163375393929e-02 1.094984928446742e+00;
2.712003115037788e-01 -8.240355310580557e-01;

9.443586258929345e-01 2.573274581113428e+00;
1.714481809516388e+00 2.136861721786269e+00;
-1.704442383009453e+00 -3.916321598804336e+00;
1.411173717772363e+00 2.475658395606574e+00;
-1.510163375393929e-02 1.094984928446742e+00;
2.712003115037788e-01 -8.240355310580557e-01;

7.372792564722247e-02 -1.996309289239948e+00;
3.621578209650636e-01 -4.693169052264925e+00;
5.909511620835207e-02 1.254055556311567e+00;
3.286015004046229e+00 -1.020088802924510e-01;
-1.510163375393929e-02 1.094984928446742e+00;
2.712003115037788e-01 -8.240355310580557e-01;

-7.389002261158557e-02 -5.949094415377686e-01;
3.876499766256117e-01 1.519768341489445e-02;
4.422091604600307e-03 -2.106905992732196e-01;
3.567271216595425e-01 -1.891327772432650e-01;
-1.510163375393929e-02 1.094984928446742e+00;
2.712003115037788e-01 -8.240355310580557e-01;

-4.013594265765971e-01 -5.219914514689675e-02;
3.959779499489114e-01 -8.328467382838432e-03;
1.763660343217398e-01 5.411545664709462e-01;
6.920717944972498e-01 -1.216191262347071e-01;
-1.510163375393929e-02 1.094984928446742e+00;
2.712003115037788e-01 -8.240355310580557e-01;

-3.249242537410069e-02 -4.383435367980135e-01;
3.848124656717346e-01 9.487540876726708e-03;
1.729716194749020e-01 -1.086095452577184e-01;
4.287244491538059e-01 -2.386786398330669e-01;
-1.510163375393929e-02 1.094984928446742e+00;
2.712003115037788e-01 -8.240355310580557e-01;

1.253643327863161e-01 -1.746822101752366e-01;
2.020474732747745e-01 5.874333667042840e-01;
-1.001689140716618e-01 -3.763048513060511e-01;
3.688217979260630e-01 -4.328111349243587e-01;
-1.510163375393929e-02 1.094984928446742e+00;
2.712003115037788e-01 -8.240355310580557e-01;

-2.640338460040907e-02 1.849017774728447e-01;
2.028436824561107e-01 3.346636275885460e-01;
3.478320587636277e-01 1.298404126987600e-01;
6.479227817915763e-01 -4.155880202794613e-01;
-1.510163375393929e-02 1.094984928446742e+00;
2.712003115037788e-01 -8.240355310580557e-01;

4.724410991566977e-01 -1.077023608078971e-01;
-2.205699057108646e-02 6.341679231715275e-01;
2.641967408123694e-01 -8.682292563226863e-01;
3.316996810145462e-01 -6.833282032378128e-01;
-1.510163375393929e-02 1.094984928446742e+00;
2.712003115037788e-01 -8.240355310580557e-01;

-1.282750875267688e+00 -5.655374063891200e-02;
-1.227565181783167e+00 -5.514955138458544e-01;
4.826059453164607e-01 -4.970003015521340e-01;
1.049074033263227e+00 -1.382358252898431e-01;
-1.510163375393929e-02 1.094984928446742e+00;
2.712003115037788e-01 -8.240355310580557e-01;

-8.484768740306432e-01 -3.337744649995333e-01;
6.252567721985602e-01 -4.172780774254693e-01;
-2.695409247681137e-02 1.031432100185232e+00;
7.453035572013601e-01 2.284181559181506e-01;
-1.510163375393929e-02 1.094984928446742e+00;
2.712003115037788e-01 -8.240355310580557e-01;

-1.023584585835076e+00 -4.791314842569840e-01;
4.321915710996903e-01 -1.214804198105645e+00;
6.846560437466878e-01 1.039954151070287e+00;
9.404587884600178e-01 3.068301855140805e-01;
-1.510163375393929e-02 1.094984928446742e+00;
2.712003115037788e-01 -8.240355310580557e-01;

-7.803097171955872e-02 -5.026953470209794e-01;
4.370979212476662e-01 1.590595180034975e-01;
1.795459231362428e-01 -2.749590418471170e-01;
2.048999822786672e-01 -1.479424465283818e-01;
-1.510163375393929e-02 1.094984928446742e+00;
2.712003115037788e-01 -8.240355310580557e-01;

-3.796771696251383e-01 -2.064722253238752e-01;
3.442340575910866e-01 3.381066196914844e-01;
4.141595387744527e-01 1.991455521198883e-01;
1.614725765728347e-01 -1.981359132597396e-01;
-1.510163375393929e-02 1.094984928446742e+00;
2.712003115037788e-01 -8.240355310580557e-01;

-3.111714340794292e-01 -3.801474151952893e-01;
3.495485973388987e-01 2.491957924277930e-01;
2.343725997466611e-01 4.999940565930470e-02;
1.880061974671168e-01 -1.856837442493254e-01;
-1.510163375393929e-02 1.094984928446742e+00;
2.712003115037788e-01 -8.240355310580557e-01;

-1.182092039424582e-01 -2.976293293376560e-01;
4.511948469497185e-02 4.378051461420731e-01;
8.842427014247901e-02 -1.264233868708503e-01;
3.007126586976750e-01 -5.087347019719607e-01;
-1.510163375393929e-02 1.094984928446742e+00;
2.712003115037788e-01 -8.240355310580557e-01;

-2.556718787538729e-01 4.256719427393089e-01;
-1.074943126117876e-01 4.076186045763531e-01;
8.555368650603757e-01 1.261858189803415e-02;
5.359766373441071e-01 -4.357503163441411e-01;
-1.510163375393929e-02 1.094984928446742e+00;
2.712003115037788e-01 -8.240355310580557e-01;

5.893021357500160e-01 -3.630163081106280e-01;
5.781918256225845e-02 5.874026495334407e-01;
1.281894034372006e-02 -8.749904142270867e-01;
3.056672526616149e-01 -7.464022404688638e-01;
-1.510163375393929e-02 1.094984928446742e+00;
2.712003115037788e-01 -8.240355310580557e-01;

-7.909161398231658e-01 -3.557166000823564e-01;
-9.860780455171779e-01 -7.249740145033596e-01;
-4.203080447131161e-01 -3.677419351957433e-01;
1.492967492563250e+00 -3.258248359848009e-01;
-1.510163375393929e-02 1.094984928446742e+00;
2.712003115037788e-01 -8.240355310580557e-01;

-1.231777683648870e+00 -9.192419427428848e-02;
2.878264683485162e-01 -2.692712133332386e-01;
6.272878575597955e-01 8.021102045690419e-01;
4.480200678086578e-01 3.198317627961397e-01;
-1.510163375393929e-02 1.094984928446742e+00;
2.712003115037788e-01 -8.240355310580557e-01;

-1.298637946152508e+00 -2.873379614154372e-02;
5.281883404555929e-01 -2.389317287703738e-01;
8.557390818374699e-01 9.660671613110948e-01;
2.903354131678237e-01 4.731755960694185e-01;
-1.510163375393929e-02 1.094984928446742e+00;
2.712003115037788e-01 -8.240355310580557e-01;

1.353789456402319e-01 -6.004441686168812e-01;
7.050924485057810e-01 -1.199082299579837e-01;
-1.692616669973380e-01 -5.964565695691919e-01;
4.744404996500957e-01 1.476626619703620e-01;
-1.510163375393929e-02 1.094984928446742e+00;
2.712003115037788e-01 -8.240355310580557e-01;

-4.797339020956065e-01 -3.746645752312808e-02;
5.724752768571453e-01 -3.993073968205951e-02;
-2.843430853189546e-02 4.817942713866937e-01;
7.417998374594100e-01 1.482563250357006e-01;
-1.510163375393929e-02 1.094984928446742e+00;
2.712003115037788e-01 -8.240355310580557e-01;

1.366498019818036e-01 -1.212317061898207e-01;
6.877729040139448e-01 -3.260775465883047e-02;
3.434470454001721e-01 -2.391448160819573e-01;
5.781301403001288e-01 3.427253398915443e-02;
-1.510163375393929e-02 1.094984928446742e+00;
2.712003115037788e-01 -8.240355310580557e-01;

6.472149515480450e-01 2.167718135552034e-02;
5.537105412963231e-01 8.570106926694225e-01;
-5.381616447815856e-01 -8.426235524354935e-01;
5.238583810886644e-01 -2.934966232985839e-01;
-1.510163375393929e-02 1.094984928446742e+00;
2.712003115037788e-01 -8.240355310580557e-01;

3.783965445964240e-01 3.569827621885963e-01;
4.374553001646820e-01 6.851634925290433e-01;
-3.334726153768122e-02 -4.445584493662667e-01;
6.749802922054149e-01 -2.675513693194699e-01;
-1.510163375393929e-02 1.094984928446742e+00;
2.712003115037788e-01 -8.240355310580557e-01;

1.409591423878841e+00 8.992042951985695e-01;
4.016377183198319e-02 1.083313241337831e+00;
7.652874078666989e-01 -1.993623737335489e+00;
6.659738194285482e-01 -6.831333572295287e-01;
-1.510163375393929e-02 1.094984928446742e+00;
2.712003115037788e-01 -8.240355310580557e-01;

-9.637851518440038e-01 3.333401117970995e-01;
-1.047911375753691e+00 -3.632892037530470e-01;
2.609659857275183e-01 -1.263757999936916e+00;
1.265530805062151e+00 2.236595033338586e-01;
-1.510163375393929e-02 1.094984928446742e+00;
2.712003115037788e-01 -8.240355310580557e-01;

-8.028231369334755e-01 -2.185923726998644e-01;
6.480092330035466e-01 -3.191526631229754e-01;
-5.557963706528329e-02 8.440840720862288e-01;
7.548746644289998e-01 3.129030711607911e-01;
-1.510163375393929e-02 1.094984928446742e+00;
2.712003115037788e-01 -8.240355310580557e-01;

-1.005025647800637e+00 -2.828725194800505e-01;
6.793332385472058e-01 -9.444542837984340e-01;
7.192804523304999e-01 9.795638243190907e-01;
7.832714386733071e-01 5.020960329787716e-01;
-1.510163375393929e-02 1.094984928446742e+00;
2.712003115037788e-01 -8.240355310580557e-01;

3.811719342557607e-01 -5.212668118493250e-01;
8.726983883312373e-01 6.875967976509570e-02;
-3.367748417729427e-01 -7.280648522342511e-01;
4.785444833138748e-01 1.459622423725188e-01;
1.669954660177418e-01 7.954962889927932e-01;
3.355546242021455e-01 -4.658149048840274e-01;

-1.618262070827722e+00 -5.476263622941772e-01;
2.150774828868733e-01 1.593574606283809e+00;
1.830837829325280e+00 -1.406147129166919e+00;
-2.349185142669129e+00 7.708881661034842e-01;
1.669954660177418e-01 7.954962889927932e-01;
3.355546242021455e-01 -4.658149048840274e-01;

4.760586908345182e-01 -8.434101824843429e-01;
6.559197772034847e-01 -1.066993602496323e-01;
-3.253655851933909e-01 -3.467957854693995e-01;
5.056510923314176e-01 -3.396482166487210e-01;
1.669954660177418e-01 7.954962889927932e-01;
3.355546242021455e-01 -4.658149048840274e-01;

-8.526663129019540e-01 2.136500920947467e-01;
-2.705913790525254e-01 -4.419274350974721e-01;
7.592506321798077e-01 -1.642296195907487e+00;
7.631742855652662e-01 8.722321891218063e-01;
1.669954660177418e-01 7.954962889927932e-01;
3.355546242021455e-01 -4.658149048840274e-01;

-1.606444980476656e+00 -2.748298031957640e-01;
2.740822729690126e-01 1.683835451049227e+00;
1.741632823869987e+00 -1.685421877518089e+00;
-2.215105342881754e+00 1.015758040559819e+00;
1.669954660177418e-01 7.954962889927932e-01;
3.355546242021455e-01 -4.658149048840274e-01;

-3.225524414669909e-01 -5.681919371688100e-01;
-2.517607703194122e+00 8.418808905720598e-02;
7.830731346321669e-01 -6.084484255743201e-01;
6.775123732132005e-01 -2.262355207470777e+00;
1.669954660177418e-01 7.954962889927932e-01;
3.355546242021455e-01 -4.658149048840274e-01;

-1.806720630898615e+00 -4.066001945870777e-01;
-3.073348562714614e-01 -1.433428921127812e+00;
1.792602074178223e+00 -1.182745523770173e+00;
3.463309419836419e-01 1.328610873260051e+00;
1.669954660177418e-01 7.954962889927932e-01;
3.355546242021455e-01 -4.658149048840274e-01;

2.846976256869874e-01 -1.686551393881071e+00;
6.317415012672648e-01 8.231824970634006e-01;
1.807512834853124e-01 3.106168631818802e-01;
-1.118325874341555e+00 -1.133430976138014e+00;
1.669954660177418e-01 7.954962889927932e-01;
3.355546242021455e-01 -4.658149048840274e-01;

2.439322382537683e-01 -5.802282433528563e-01;
-4.516033667276656e-01 6.129432080333184e-01;
2.148933474958424e-02 -6.686004010169619e-01;
1.735338962064260e-01 -1.069598785422373e+00;
1.669954660177418e-01 7.954962889927932e-01;
3.355546242021455e-01 -4.658149048840274e-01;

5.154331144206158e-02 -6.540245405998528e-01;
5.581364424701655e-01 7.093691401987773e-02;
-4.503023081518544e-02 -1.796219062711130e-01;
2.840810594241506e-01 -1.929094235414317e-01;
1.669954660177418e-01 7.954962889927932e-01;
3.355546242021455e-01 -4.658149048840274e-01;

-3.475605873114880e-01 -1.471583422071262e-01;
4.825593816013957e-01 3.504705509238362e-02;
7.325394787324019e-02 5.039167901529783e-01;
6.203611929065572e-01 -1.072712595133370e-01;
1.669954660177418e-01 7.954962889927932e-01;
3.355546242021455e-01 -4.658149048840274e-01;

1.590902715622245e-02 -5.690156594329144e-01;
5.463614315440316e-01 6.887593923012388e-02;
-2.685932815851572e-03 -9.000839961050523e-02;
3.336510195436611e-01 -1.939362388252165e-01;
1.669954660177418e-01 7.954962889927932e-01;
3.355546242021455e-01 -4.658149048840274e-01;

-4.405147609972440e-01 -3.613218613707213e-01;
-1.646364538708648e-01 -9.051844842515917e-02;
1.458856791823279e-01 -3.269225872708383e-01;
5.841395085016072e-01 -2.062024036326895e-01;
1.669954660177418e-01 7.954962889927932e-01;
3.355546242021455e-01 -4.658149048840274e-01;

-2.957862856373320e-01 -6.117399937124777e-01;
8.965846466790532e-01 5.990074397833823e-02;
-3.955151881020355e-01 5.310936365085402e-01;
3.621852289556857e-01 7.009498836074776e-02;
1.669954660177418e-01 7.954962889927932e-01;
3.355546242021455e-01 -4.658149048840274e-01;

-4.793457166774353e-01 -5.914865534726069e-01;
5.726172180221135e-01 -5.429163688302600e-01;
2.506334587144359e-01 4.851119276292392e-01;
5.882642588424248e-01 7.978180785801950e-02;
1.669954660177418e-01 7.954962889927932e-01;
3.355546242021455e-01 -4.658149048840274e-01;

-1.324984867149184e-01 -1.180944104055286e-01;
-9.078395167559573e-02 4.117513597747596e-01;
4.782378866678997e-03 -4.130227847882760e-01;
5.020620703669324e-01 -3.950262208978838e-01;
1.669954660177418e-01 7.954962889927932e-01;
3.355546242021455e-01 -4.658149048840274e-01;

-1.576013330763442e-02 -1.011844344530224e-01;
4.568364131449152e-01 3.311477254583475e-01;
6.275338233190167e-02 1.676065247504657e-01;
4.982480766684986e-01 -2.956015561754041e-01;
1.669954660177418e-01 7.954962889927932e-01;
3.355546242021455e-01 -4.658149048840274e-01;

-6.874464915965996e-02 -1.983251459611798e-01;
8.823895428905233e-02 -3.456338767082777e-02;
4.659751695970630e-01 -2.025732563046239e-01;
5.750247807390751e-01 -3.486755091756404e-01;
1.669954660177418e-01 7.954962889927932e-01;
3.355546242021455e-01 -4.658149048840274e-01;

-3.078974338840967e-02 -5.160488351080360e-01;
5.371335146251611e-01 2.116087566236653e-01;
2.203493044265647e-01 -2.716341516751518e-01;
1.191164279982887e-01 -1.297133992769024e-01;
1.669954660177418e-01 7.954962889927932e-01;
3.355546242021455e-01 -4.658149048840274e-01;

-5.120219545062030e-01 -2.547790263490408e-01;
3.823291637569340e-01 2.456944709565074e-01;
3.991366673714029e-01 3.028585915011425e-01;
1.635770899034864e-01 -1.011595826453070e-01;
1.669954660177418e-01 7.954962889927932e-01;
3.355546242021455e-01 -4.658149048840274e-01;

-4.582855323467883e-01 -4.172597952188986e-01;
4.103041597804519e-01 2.048091104739578e-01;
2.354942292105214e-01 2.102286638432287e-01;
1.473390510130534e-01 -9.815248287707772e-02;
1.669954660177418e-01 7.954962889927932e-01;
3.355546242021455e-01 -4.658149048840274e-01;

-3.360558066012085e-01 -3.783838201668305e-01;
-1.906798365418191e-01 -4.217263474518206e-02;
-5.828003745178511e-02 -2.529735792210076e-01;
6.794991140292826e-01 -3.390864532723636e-01;
1.669954660177418e-01 7.954962889927932e-01;
3.355546242021455e-01 -4.658149048840274e-01;

-5.185910156861911e-01 -6.659310490163924e-01;
6.739814818220178e-01 2.530013580285760e-01;
1.007820307487329e-01 3.702369276516991e-01;
-9.852844928447839e-02 5.862378993152794e-03;
1.669954660177418e-01 7.954962889927932e-01;
3.355546242021455e-01 -4.658149048840274e-01;

-4.616023299000026e-01 -6.285475604628606e-01;
4.919848118870362e-01 2.704610234347914e-01;
2.040169138630507e-02 2.697133135225527e-01;
1.490026351140842e-02 -1.211756223847284e-01;
1.669954660177418e-01 7.954962889927932e-01;
3.355546242021455e-01 -4.658149048840274e-01;

-9.878354500227542e-02 -3.543642271211782e-01;
1.674415748343674e-01 3.738508606322676e-01;
1.201277363831892e-01 -1.650979872149303e-01;
2.593923819795755e-01 -4.098959803647060e-01;
1.669954660177418e-01 7.954962889927932e-01;
3.355546242021455e-01 -4.658149048840274e-01;

-2.748419149390072e-01 -5.826305458575260e-01;
6.078381014628261e-01 4.233685680033864e-01;
1.243227333310864e-01 1.800841883773314e-01;
-1.060415021406305e-01 -1.713283495424515e-01;
1.669954660177418e-01 7.954962889927932e-01;
3.355546242021455e-01 -4.658149048840274e-01;

-2.057059958281064e-01 -3.883286823339590e-01;
3.192683685537360e-01 2.920339009665233e-01;
1.980101356330959e-01 -5.563272056804212e-02;
1.954200889529203e-01 -2.525663809536373e-01;
1.669954660177418e-01 7.954962889927932e-01;
3.355546242021455e-01 -4.658149048840274e-01;

3.004049777160699e-01 -5.525206821494018e-01;
7.960520086948495e-01 7.033712046241779e-02;
-2.638561727599073e-01 -5.953891805715983e-01;
4.300291238761949e-01 6.403192156853696e-02;
1.669954660177418e-01 7.954962889927932e-01;
3.355546242021455e-01 -4.658149048840274e-01;

-3.676721275844658e-01 -4.829272447921688e-02;
6.020500716985557e-01 4.286710787947471e-02;
-8.449497030486709e-02 3.866543578783629e-01;
7.099794632525880e-01 1.094263077560962e-01;
1.669954660177418e-01 7.954962889927932e-01;
3.355546242021455e-01 -4.658149048840274e-01;

3.727305245090632e-01 -1.550358863190707e-01;
7.420891420300149e-01 1.480078227481239e-01;
1.984474968607423e-01 -4.594973088021445e-01;
5.103798100770545e-01 -4.679976882180920e-02;
1.669954660177418e-01 7.954962889927932e-01;
3.355546242021455e-01 -4.658149048840274e-01;

-4.548728281979122e-01 -3.621858536124625e-02;
-2.937523206710809e-01 -1.993067388245529e-01;
5.175830934068807e-02 -9.878779439331016e-01;
9.240736664427422e-01 1.643701441267276e-01;
1.669954660177418e-01 7.954962889927932e-01;
3.355546242021455e-01 -4.658149048840274e-01;

-2.376481730371011e-01 -5.487540234723722e-01;
1.005845781441334e+00 4.586780526301797e-02;
-5.832980526934752e-01 4.784389877406031e-01;
4.923014119171810e-01 1.854503824335189e-01;
1.669954660177418e-01 7.954962889927932e-01;
3.355546242021455e-01 -4.658149048840274e-01;

-4.995433923060920e-01 -5.964911543195625e-01;
9.842737205745645e-01 -5.862223743620891e-01;
1.673828009104929e-01 6.213551519845196e-01;
5.473151685258866e-01 3.847245154291934e-01;
1.669954660177418e-01 7.954962889927932e-01;
3.355546242021455e-01 -4.658149048840274e-01;

-5.677936804170234e-01 5.226392676788384e-01;
-8.976758374702095e-01 1.539279428313993e-01;
2.213006371336554e-02 -1.300346973201416e+00;
1.188333724609328e+00 -5.543987640223087e-03;
1.669954660177418e-01 7.954962889927932e-01;
3.355546242021455e-01 -4.658149048840274e-01;

-1.895471095880741e-01 1.861635854477781e-01;
4.584772074896314e-01 2.224823895806287e-01;
5.013239524512763e-02 1.311429399745077e-01;
7.526370842560672e-01 -1.474861551070106e-02;
1.669954660177418e-01 7.954962889927932e-01;
3.355546242021455e-01 -4.658149048840274e-01;

-3.273946666332561e-01 6.464849829957165e-03;
5.331119226227885e-01 -3.803949433194476e-01;
6.897604493616218e-01 1.651417012007110e-01;
7.343791271848253e-01 1.793565474978462e-01;
1.669954660177418e-01 7.954962889927932e-01;
3.355546242021455e-01 -4.658149048840274e-01;

