0
7.909657815320206e-02 1.929152612877235e-01
-2.882339313052012e-01 -1.167369089197818e-04
3.335276165471776e-01 1.165084060705708e-02
1.472725863919208e+00 -3.021294790800917e-01
-2.353867740061276e-01 -1.386272437091720e+00
5.026139433023032e-01 -6.602258520743822e-01
-7.800324653432177e-02 4.494715935988892e-01
-2.041776249013360e-01 3.539952383101937e-01

1
-1.170841390944694e-01 9.535043152800979e-02
-9.207788766899790e-01 1.185320235695075e-01
-1.025943144368258e-01 -8.724571381512956e-01
6.002492653190716e-02 -1.447403230173859e-02
-1.421804182735954e-01 -3.592654537989932e-03
5.085315230662862e-01 -8.942212099638420e-01
-2.409864680319652e-01 3.457720526311042e-01
-7.203646696560145e-01 6.178196853522934e-01

2
7.432418729124173e-01 -5.592321282823483e-01
-7.886700243843330e-02 -4.964965256651903e-02
5.827532700599004e-02 1.604784479044501e-01
3.338677632347435e+00 1.861753918856511e+00
1.961832470270480e+00 -2.888253413707606e+00
4.346634964622908e-01 2.476831838152822e-01
1.410663189498589e+00 1.487492417397257e-01
-1.392230993156650e-01 -1.175947137493082e-01

3
2.741927466099108e-02 4.458378803278165e-02
2.091165709733428e-01 5.106778628077718e-01
5.319139388769735e-01 -2.473156477488818e-01
6.412677320385560e-01 -3.550378586812743e-02
-6.222038209170538e-03 -6.310855857677848e-01
5.672422034099232e-01 -7.876967036311612e-01
-3.030274619145268e-01 4.238396536913265e-01
-2.393054673342384e-01 3.784314089832106e-01

4
2.799153607320113e-01 -1.082937467887071e+00
-5.564249106097098e-01 -1.007871498708562e+00
-4.691433432480799e-01 9.006858034668029e-02
1.692035703596988e+00 -6.137706331911573e-01
3.528456616567673e-01 1.623713722026046e+00
5.058594215461769e-01 -9.885863585385972e-01
-7.502860989379306e-01 5.237866388972728e-01
-4.444528749419023e-02 7.515158535218526e-01

5
-1.809641855048058e-01 2.234874976373812e-01
2.377062550931316e-02 -1.230223241332006e-01
3.393153363904636e-02 6.191255347630994e-02
4.636667233488873e-01 -2.686583066789940e-01
2.624598413499164e-01 4.445201158296405e-01
3.894663810056212e-01 -4.967905744653358e-01
2.922233105771398e-01 6.448867314775450e-01
-1.585773259630548e-01 8.705757003879153e-02

6
-1.203357323613820e-01 1.257025100789419e-01
4.624831035948767e-02 2.380073593657636e-01
-2.779497247779267e-01 -2.579121360946121e-01
1.337459740181424e+00 1.133002441059370e+00
1.088703830757343e+00 -1.247597372119774e+00
7.418992375016100e-01 -8.546213184126212e-01
-4.959319436301050e-01 1.537165914036176e-01
-3.383472265649799e-01 4.446205583201446e-01

7
3.822399226221467e-01 -2.254278313795509e-01
3.516051297369960e-01 9.751093957786983e-01
9.154661134525954e-01 -4.588254407101781e-01
-9.014801570500596e-03 8.833005629559361e-02
-1.391051733839554e-02 8.056045198284302e-02
4.395043229886292e-01 -4.593132114465213e-01
-1.882400405462800e-01 2.929954120803879e-01
4.323691081416166e-01 8.932088667645051e-01

8
3.108451394357691e-02 9.547232057489287e-02
-7.699973840034099e-02 -2.229421941373942e-01
2.800979752608427e-01 4.403892068283462e-03
4.406728652646334e-01 -3.016629582890341e-01
3.102604554082170e-01 4.710969541942022e-01
4.974310239671704e-01 -7.914676149137890e-01
-2.081594023164290e-01 5.492915367372988e-01
-3.038383721025456e-01 3.075440227887413e-01

9
-2.550516038588021e-01 3.063552422306369e-01
-8.557402694067538e-03 1.940330980420131e-02
6.440791861335321e-02 -3.920998579912333e-02
1.347043838540770e+00 -1.860416995673630e-01
-1.538818194599377e-01 -1.249145354271880e+00
-3.158854180427006e-01 -5.616096907099152e-01
4.447420067123851e-01 1.709397747591826e+00
2.261438755460809e-01 3.491300811251529e-01

10
-2.574719261643196e-01 5.750082252083052e-01
6.237102149157698e-01 7.564601667833457e-01
6.809748288904958e-01 -6.795456809706368e-01
-4.961200888944047e-01 2.676088192747671e-01
-5.603628549793540e-02 -4.387253286271591e-01
4.948621582474700e-01 -7.375881346369364e-01
-3.830085495945550e-01 2.798912949610237e-01
-8.668725400635917e-02 8.898039880698583e-01

11
1.280107386757353e-02 2.638571158882607e-02
1.415411969411234e-01 7.345573802781463e-01
7.230802563161084e-01 -1.378079674226784e-01
1.348733999337091e-01 -2.590070168864098e-01
1.284245728176759e-01 -1.142055332504797e-01
6.377955997486691e-01 -7.556443133375030e-01
-3.325575667026039e-01 3.604546220918809e-01
-1.444278745538523e-01 2.971590049900066e-01

12
-2.895019105056524e-01 -9.471869019313915e-02
-3.543316921424705e-01 2.108063864986843e-02
5.481556384672012e-02 3.662123183836501e-02
4.426809549050930e-01 -4.717708230811831e-01
5.075324043733058e-01 5.152661941015539e-01
6.991015709310889e-01 -1.192391764911774e+00
-1.153877953966359e+00 4.725118956083822e-01
-3.302010722988699e-02 5.771335111241827e-01

13
3.180655144014150e-01 2.019056201767603e-01
-6.576313514465747e-03 3.176998022928501e-01
3.847095627324147e-01 1.988076548776824e-02
2.408346193769542e-01 -5.691477269838693e-02
9.683101333424837e-02 4.381663648537834e-01
3.331063847174996e-01 -8.791390318904577e-01
-1.662106086825053e-01 6.276773714881013e-01
-5.770992251253608e-01 6.278735292014315e-01

14
2.977144404161082e-01 3.599155147574975e-01
-3.186192798282894e-01 -4.410992351703781e-02
1.866049447548495e-01 1.960523098559372e-01
3.420619150824294e-01 -1.951875551449477e-01
1.578431197913832e-01 5.663142265877437e-01
4.221370180905241e-01 -7.832602352790902e-01
2.418103349599303e-03 5.702940514396778e-01
-6.025165024200240e-01 3.253481364877400e-01

15
3.621248737399713e-01 9.955630948296643e-02
-9.940626833229844e-02 -5.934764733678632e-02
-5.778207220196822e-02 9.516194980536914e-02
6.560032723996352e-01 1.750814057720091e-02
8.192144560444135e-02 7.575797047202393e-01
7.428645676540818e-01 -2.519108438151179e-01
5.828232414883070e-01 -1.805385386401083e-01
-5.456743679114382e-01 1.356511541511283e-01

16
-2.155204856756036e-02 1.559243736088250e-01
-1.041732124180738e+00 -2.024958193454226e-01
1.737386126721489e-01 -1.003073189475632e+00
-1.485079551598790e-01 6.217917478758622e-02
1.509781590135560e-01 -7.948935087608840e-02
6.687812988042787e-01 -6.441866781716185e-01
-3.232640993837101e-01 2.780799122129257e-01
1.049782972238762e-01 3.368634852413778e-01

17
2.203468248701015e-01 8.295058915949222e-02
-1.025079330187457e+00 -4.044721723528329e-01
4.095727256912171e-01 -9.544147864507819e-01
-5.825950142328595e-02 -4.782797006103221e-02
7.789608160856371e-02 -1.379753008631100e-02
1.231141393042567e+00 -5.245277286184661e-01
-5.338865649888709e-01 3.123966233343507e-01
8.608258213532793e-01 -1.198376172152077e+00

18
-1.016971360591206e-01 8.316094903860469e-02
-7.187957997396905e-01 5.784351630324429e-02
-8.971347698240849e-02 -7.082524363407561e-01
4.429217522589429e-01 3.803677322940929e-01
4.195439239124886e-01 -4.561517722731699e-01
6.071080275764558e-01 -7.695572299121896e-01
-3.216012521658850e-01 3.181470319964809e-01
-2.396089150218921e-01 4.451312150983599e-01

19
-7.533071358761317e-02 -6.446098833379293e-03
-1.006264572303303e+00 -1.364448911196173e-02
2.403415745094967e-02 -9.598110502592451e-01
1.458668288581608e-02 -4.737133830431615e-02
-3.127208630481351e-02 2.385223195899159e-02
6.408326026440716e-01 -1.120306461267352e+00
-2.775199549137465e-01 4.461154949604048e-01
-1.238856716762029e+00 8.142758152998324e-02

20
-2.306234231720387e-01 1.853993403127145e-01
4.336151784579590e-01 4.296127339438675e-01
4.408426397969417e-01 -4.693148888374289e-01
-1.059177495387125e-02 8.679293556948324e-03
6.574916623778275e-02 -2.782108667817384e-03
2.544139191796631e-01 2.154928142062761e-02
-7.935689616178444e-02 4.397662245645637e-03
1.431053804918168e+00 1.843710117267780e+00

21
-3.414189439495108e-02 2.456041182191191e-01
-2.471123976894656e-02 8.804873027514419e-02
-7.136539688403386e-02 -2.224515593599554e-01
3.626266525256634e-01 -2.754682728863385e-02
-8.135357754845922e-02 3.948509343123056e-01
8.723483848014066e-01 -1.036807895752341e+00
-6.122660747673229e-01 9.168264091071847e-02
-7.329113467088310e-01 2.400079372500828e-01

22
-1.159647847405967e-01 1.199421197577687e-01
5.743879527993461e-03 2.553710448219921e-01
-1.415740818806568e-01 -8.159378749237801e-02
4.643340399385542e-01 -8.162095138447742e-02
4.526652004785579e-02 4.702985003626517e-01
8.509292087952341e-01 -6.869344978844870e-01
-2.380379169891085e-01 5.506917776418879e-03
-3.662584233790629e-01 1.596560199983282e-01

23
-2.395539696886107e-01 -7.815187792347666e-01
7.441457193590284e-01 8.005935748414257e-01
1.928857321104134e-01 -2.682735760166232e-01
6.177805915210592e-01 -3.153107995441279e-01
-1.080213931713046e-02 8.027373100766599e-01
5.457451563750952e-01 -5.408718833151077e-01
-6.910227777450459e-02 3.241159599837903e-01
3.497063184697176e-02 4.270292807901532e-01

