4

4
5.713962220941904e-01 -4.950487489729058e-01
-5.032139717945433e-01 8.957798958061564e-03
6.218462073993942e-01 1.480591938353243e+00
-1.449014058622832e+00 3.679626804380338e-01
1.000000000000000e+00 0.000000000000000e+00
-3.958808014732659e-01 -4.473390063099942e-01
-5.742900079155736e-01 2.920601714903278e-01

14
-5.713962220941904e-01 4.950487489729059e-01
5.032139717945435e-01 -8.957798958061550e-03
-6.218462073993936e-01 -1.480591938353244e+00
1.449014058622832e+00 -3.679626804380333e-01
1.000000000000000e+00 0.000000000000000e+00
-6.041191985267341e-01 4.473390063099941e-01
-4.257099920844265e-01 -2.920601714903277e-01

21
5.713962220941902e-01 -4.950487489729057e-01
-5.032139717945433e-01 8.957798958061550e-03
-6.218462073993940e-01 -1.480591938353242e+00
1.449014058622831e+00 -3.679626804380338e-01
1.000000000000000e+00 0.000000000000000e+00
-3.958808014732660e-01 -4.473390063099943e-01
-4.257099920844264e-01 -2.920601714903277e-01

23
-5.713962220941906e-01 4.950487489729058e-01
5.032139717945433e-01 -8.957798958061439e-03
6.218462073993936e-01 1.480591938353243e+00
-1.449014058622831e+00 3.679626804380331e-01
1.000000000000000e+00 0.000000000000000e+00
-6.041191985267339e-01 4.473390063099943e-01
-5.742900079155734e-01 2.920601714903278e-01

