8
0
4
52
-5.033103958181262e-01 -6.954422827761252e-01
-6.318674907823915e-01 -1.482099112680161e-01
2.595024554811669e-01 3.454477199303967e-01
7.166845766841178e-01 -1.177655460547208e+00
9.852006458517349e-01 8.225062023657945e-01
7.869186521765301e-01 -8.750509521515776e-01
-7.029704101240080e-01 -5.603535643738001e-03
-1.963519878392076e-01 7.323606147412747e-01
5.236911533344270e-16
7.192143544452662e+01
3.496850932848703e-15
2.441406250000000e-05
1.056113329275152e-14
0.000000000000000e+00
1
1
14
52
3.175477234216884e-02 3.443971281867176e-01
-1.886379244084724e-01 -1.810670576240689e-01
1.906448534976467e-02 1.730209938828725e-01
4.901650268374539e-01 -2.611779079362108e-01
1.727384019749157e-01 4.873517093441595e-01
4.376207065130663e-01 -7.003458330105526e-01
4.891693853490903e-02 6.188571753221057e-01
-3.908426315972570e-01 1.703326404353590e-01
1.241267076623637e-16
1.710490776451656e+01
5.335172988447156e-16
2.441406250000000e-05
2.864136364800710e-14
0.000000000000000e+00
1
1
21
52
-5.300729531411264e-02 2.330927362577674e-01
8.510409919316418e-02 1.594295041269746e-01
2.458601373911936e-02 -1.177703503034635e-01
3.780776117475296e-01 -6.646565989825511e-02
8.961111904322430e-03 3.572593582669200e-01
9.913824030267999e-01 -1.212847284762653e+00
-9.350231594482418e-01 3.665893611329055e-02
-7.762657809245374e-01 2.267778933554266e-01
1.494683490070454e-16
3.900934071073866e+01
5.674889867502170e-16
2.441406250000000e-05
1.215361677818559e-14
0.000000000000000e+00
1
1
23
52
1.050633949722269e-01 -4.414805084870110e-01
1.585215464548969e-01 3.042717969215475e-01
4.891467463526376e-02 -2.231002969156360e-01
7.189857555059427e-01 -1.189769642315018e-01
1.021001490262633e-02 6.783708718355355e-01
4.018454203247198e-01 -5.806704628123581e-01
1.699401456983654e-02 5.305553056206317e-01
-6.118509467077496e-02 4.508362870574894e-01
2.220446049250313e-16
2.499579489413203e+01
7.060921381020306e-16
2.441406250000000e-05
1.551301289433864e-13
0.000000000000000e+00
1
1
-1

2 0
2 8
-41748487260539121232052647907655535800700814630215474636980277610103887722604542960541871360611633477838176456794295244107562055741869892626056121681032663127594050351255223321992435186583579910223075055093219728079684352023910436706770736277886527964653759169786760938741241576650412714102770488045482485879/200000000000000000000000000000000000000000000000000000000000000000000000000000000000000000000000000000000000000000000000000000000000000000000000000000000000000000000000000000000000000000000000000000000000000000000000000000000000000000000000000000000000000000000000000000000000000000000000000000000000000000000 -9677427834860672240159111823427629897261142534667162176658944600776703479096527678069707246607442608635200901790342269190211940264955793166936040671063997881145045838489239226344581459457501470529167965432261122219855133193460469450008643571036047463528720319277248257543292049766054839515703351120625193693533/10000000000000000000000000000000000000000000000000000000000000000000000000000000000000000000000000000000000000000000000000000000000000000000000000000000000000000000000000000000000000000000000000000000000000000000000000000000000000000000000000000000000000000000000000000000000000000000000000000000000000000000000
-301583833608216491590447680671407540301460136338787716004023409499978937993978185556583844367326725285311282218403429086435798626943859210918518015448583447251771436049150896240301685859754097100711409179213909876980382040682402718846942490248202051713389410307095133322590035918990568140676974001341626615163/2000000000000000000000000000000000000000000000000000000000000000000000000000000000000000000000000000000000000000000000000000000000000000000000000000000000000000000000000000000000000000000000000000000000000000000000000000000000000000000000000000000000000000000000000000000000000000000000000000000000000000000000 -1129119090510351352742181689205038107754382887370101200797901099332426836738375095965541293189648538603941648440820280118602308044855981736658887182410374709807059979373668171078795835118870923645168839956710686596613220476216456433548779187441871571976705498077954614221941320082254002356146753367628255042761/2500000000000000000000000000000000000000000000000000000000000000000000000000000000000000000000000000000000000000000000000000000000000000000000000000000000000000000000000000000000000000000000000000000000000000000000000000000000000000000000000000000000000000000000000000000000000000000000000000000000000000000000
1110069399644608828154241334323057496178900992626383229368238978485184525635226279701049467800563458645777077614224936150370644675499450227222525753731834833722455204692764954845526849442310118039347922075243213843930993963439279844169176777503614301159796296275758509752874953467769480155491965303620176622089/2000000000000000000000000000000000000000000000000000000000000000000000000000000000000000000000000000000000000000000000000000000000000000000000000000000000000000000000000000000000000000000000000000000000000000000000000000000000000000000000000000000000000000000000000000000000000000000000000000000000000000000000 4188774004730600831255992210270210406742455686763491966835271993973871954552560896434838613509574576032546315761097505712699360906440161806562486426587973058790415674944439587639493894954839372179127984281765866481461901714504854487936220368993310610344508749164889297263297520983569986458840756939827047422947/5000000000000000000000000000000000000000000000000000000000000000000000000000000000000000000000000000000000000000000000000000000000000000000000000000000000000000000000000000000000000000000000000000000000000000000000000000000000000000000000000000000000000000000000000000000000000000000000000000000000000000000000
2436526058476871720906196751501341517413773823770456731491107141019129379953455717399975757489112096275287489955774802088333195416080164264283881295825933943149506943718623650089577335066038201004281566962168972757001068668881593272111685980911225578297238035618574676505029733998189251125876944050529770429241/2500000000000000000000000000000000000000000000000000000000000000000000000000000000000000000000000000000000000000000000000000000000000000000000000000000000000000000000000000000000000000000000000000000000000000000000000000000000000000000000000000000000000000000000000000000000000000000000000000000000000000000000 1820863209873173189313630998870062719699376852695141001340151125607904903900130808257098270875136031491283340511155758301720358420773794154313102019644656481442247398154130255551797815658127784651088716239465098796868145680940322425104421141718825880154619471861742732710065736021341707714407238222773904454009/10000000000000000000000000000000000000000000000000000000000000000000000000000000000000000000000000000000000000000000000000000000000000000000000000000000000000000000000000000000000000000000000000000000000000000000000000000000000000000000000000000000000000000000000000000000000000000000000000000000000000000000000
1480367802419620905435087642404597051541159603580674846997817194318480927696488834474822576968346180185868842999045897921585902736448051526987291279770933158680454577186279473122383654625482225742680400749456222948710401400336724777651625549119920610829392487132333793596011387018570318517407186872336852666449/5000000000000000000000000000000000000000000000000000000000000000000000000000000000000000000000000000000000000000000000000000000000000000000000000000000000000000000000000000000000000000000000000000000000000000000000000000000000000000000000000000000000000000000000000000000000000000000000000000000000000000000000 -5840171214369757615473290765281975719766998285244791221884042686688609207194161554016797563659135906606994302403061730240140263556501763423985322350024528986363250835502800781987606913720317843215939455073678882566979983216210918053626403606220855929590351254461116617837252272370224199214189673534203763523673/10000000000000000000000000000000000000000000000000000000000000000000000000000000000000000000000000000000000000000000000000000000000000000000000000000000000000000000000000000000000000000000000000000000000000000000000000000000000000000000000000000000000000000000000000000000000000000000000000000000000000000000000
0 0
0 0
0 0
0 0
0 0
0 0
0 0
0 0
1870004162639081249619196874276008775205323511243477895916688667853592328191279677586636736271593675925158510181913304996186284748737745148208803477245381335481166796347266434594925491780499105499184440865157170351919587526232693071034512962315384139063056362319626651753680914339097361306174764355182412993003/2000000000000000000000000000000000000000000000000000000000000000000000000000000000000000000000000000000000000000000000000000000000000000000000000000000000000000000000000000000000000000000000000000000000000000000000000000000000000000000000000000000000000000000000000000000000000000000000000000000000000000000000 955045041909650189131019969301281489434504359295665146067573947317102862081998554030616529456443785207413362857956951355778584335980934089646386399427347827106985927774745089319098886260367473630062238490047991559870861487636887159212848173301965158822059760366282738405247579296974297531482493929246024667549/2000000000000000000000000000000000000000000000000000000000000000000000000000000000000000000000000000000000000000000000000000000000000000000000000000000000000000000000000000000000000000000000000000000000000000000000000000000000000000000000000000000000000000000000000000000000000000000000000000000000000000000000
1012194645766685385677488826593496436878904593809042962350693221905306883950482861395920651092865123615125473722965224382763412983915927432071101982382518654169918636208284061758961002921711934521276441219591177665973219113853938978729240390532031844083483483056872044267031240505048571758905914637081438992931/2000000000000000000000000000000000000000000000000000000000000000000000000000000000000000000000000000000000000000000000000000000000000000000000000000000000000000000000000000000000000000000000000000000000000000000000000000000000000000000000000000000000000000000000000000000000000000000000000000000000000000000000 -3834363205724728592495775108011665619326228404444049407734416262436250603902798148562932714225570306849148583508004340310835444898352692386626253854354716402355052903628511227038624449249094981412838322199233569124973057224498056672888748798079731600006210920666894968822807224668318411908869124969076914508689/10000000000000000000000000000000000000000000000000000000000000000000000000000000000000000000000000000000000000000000000000000000000000000000000000000000000000000000000000000000000000000000000000000000000000000000000000000000000000000000000000000000000000000000000000000000000000000000000000000000000000000000000
1540399265442575997472258018953030895871786755616712630994440889225333292748397203686885400404131645971027854511668855360793380942431243895713218528444514048695737769565497930437922084799656034873748490337153472231544095328204235690157209819696462834627078472632162540563846342750912445306178067236145402114829/10000000000000000000000000000000000000000000000000000000000000000000000000000000000000000000000000000000000000000000000000000000000000000000000000000000000000000000000000000000000000000000000000000000000000000000000000000000000000000000000000000000000000000000000000000000000000000000000000000000000000000000000 -3202506641298020392459571806134636427814811754674414667652497491110500680761313954964856112706553128673706223054007466072271367528815399114940497437978107993033061243367053275624839748419814740216367209553934742115508277333600007906387968713294354164676591292312724130986063992452023456407506403556598312791809/10000000000000000000000000000000000000000000000000000000000000000000000000000000000000000000000000000000000000000000000000000000000000000000000000000000000000000000000000000000000000000000000000000000000000000000000000000000000000000000000000000000000000000000000000000000000000000000000000000000000000000000000

1
1632539335879465866796580296192657206522530228209908667788310903434494931238990518961571808657736880647020391683945604217437451627021864777376569738227092751061968287577197119894924301581764055601992223479207799336311590698088457474395384141524868817978222906674537001141189398379032572242240588155514338108367/2500000000000000000000000000000000000000000000000000000000000000000000000000000000000000000000000000000000000000000000000000000000000000000000000000000000000000000000000000000000000000000000000000000000000000000000000000000000000000000000000000000000000000000000000000000000000000000000000000000000000000000000 -6724019696576003260486478279388093531242279315519286737232822456402295520327683282706205343884737891104463076032709915047909633569475398884251680917561924715948972836776771772933475969759036714197055555346057097608914854161171272383249127440520303746517322142251130353244861565091170400826913396704432213092473/10000000000000000000000000000000000000000000000000000000000000000000000000000000000000000000000000000000000000000000000000000000000000000000000000000000000000000000000000000000000000000000000000000000000000000000000000000000000000000000000000000000000000000000000000000000000000000000000000000000000000000000000
12 8
-195200392146144896707555726370796932097782627391691411133884013046478551186097833366743792166342214444048697831839382033881140908088098122637331335023956304942508500084973054212577641567309719909724199536041741135442393094051507124623586351619011105369366531636313649784174583862209530651858287076992066083561/500000000000000000000000000000000000000000000000000000000000000000000000000000000000000000000000000000000000000000000000000000000000000000000000000000000000000000000000000000000000000000000000000000000000000000000000000000000000000000000000000000000000000000000000000000000000000000000000000000000000000000000 2462653481732174305546395912928572182666857515745145732792472380123950205495431655096882678754234029146418614188373726493196396636147174067581410527785795180068027460622800562615106116217373282716141305205508335328575269568768836683118999600077799085979105112568536539349220941581910913453968982884374164493693/10000000000000000000000000000000000000000000000000000000000000000000000000000000000000000000000000000000000000000000000000000000000000000000000000000000000000000000000000000000000000000000000000000000000000000000000000000000000000000000000000000000000000000000000000000000000000000000000000000000000000000000000
2674011078673423495337625389502486742233875280594452876244834010297740857224067284738523694530287326115363201560605864922168713015152288404227165850406206004946464226429699282527266530097154271643744169042510600601998354998479946736784602235453749189634235678724104119200192763409006102058975728135752370127323/5000000000000000000000000000000000000000000000000000000000000000000000000000000000000000000000000000000000000000000000000000000000000000000000000000000000000000000000000000000000000000000000000000000000000000000000000000000000000000000000000000000000000000000000000000000000000000000000000000000000000000000000 2473088211187186492565959544575381544536450900819354258721926784848117832611449951508874914952297250464165147255607309578497294172810072699818021880687579298823512882328557691282440070761004719280027186352163055996305782689056201394848067472961874502174473719671003251202444649508028856065589768446376975156699/5000000000000000000000000000000000000000000000000000000000000000000000000000000000000000000000000000000000000000000000000000000000000000000000000000000000000000000000000000000000000000000000000000000000000000000000000000000000000000000000000000000000000000000000000000000000000000000000000000000000000000000000
-837601494178933656119584751875614767018873440979477747201130230139403559703840291527977414927167125916881001030547755278431953183447791646943464605014959743435519577127635559772581201270040853886713533376806833160169271165121891186791538822442288660450022938864757139004869497465143550033663645479570822711611/1250000000000000000000000000000000000000000000000000000000000000000000000000000000000000000000000000000000000000000000000000000000000000000000000000000000000000000000000000000000000000000000000000000000000000000000000000000000000000000000000000000000000000000000000000000000000000000000000000000000000000000000 729919884197212891961273635913087486888348171756209432324131441715887606267914378997039595910908014674576776619962512475871962838962879420828520404647107250257284000180910200562847684789933048635463286298097636133774828023815587888242962504840967207690635549322176936946655934828745362641616773330134982186947/10000000000000000000000000000000000000000000000000000000000000000000000000000000000000000000000000000000000000000000000000000000000000000000000000000000000000000000000000000000000000000000000000000000000000000000000000000000000000000000000000000000000000000000000000000000000000000000000000000000000000000000000
-2441039994735312095120993597496890552593519899915546130262562680950139590301431769014077293870822202661132680706013870848074691700129582228828867575742258059862003566208333705368915230168620472167265376132283062114793344300150305750823968423184207767185850081138656058654545770790547087882185386527352579113657/10000000000000000000000000000000000000000000000000000000000000000000000000000000000000000000000000000000000000000000000000000000000000000000000000000000000000000000000000000000000000000000000000000000000000000000000000000000000000000000000000000000000000000000000000000000000000000000000000000000000000000000000 1455443904523379380209856879630919608434134055645428179927626174454568592576225306261921658921695916691644753867318561377420910323862245008212064805230948922374443909303123251171418415421224764601296439030679319402790627219730341738515968598786424873356049212585529721931834915963461141266601058264692141628631/5000000000000000000000000000000000000000000000000000000000000000000000000000000000000000000000000000000000000000000000000000000000000000000000000000000000000000000000000000000000000000000000000000000000000000000000000000000000000000000000000000000000000000000000000000000000000000000000000000000000000000000000
4197871860873804359288256428742740368974473168959867059760607322886854880674134692601833373400264869065322110272905060409464649224690126793087172125590776262478679086989387006222568853949962665612991515142435168722090628020236480982606322055745935260019346698001774049329817559117666135122098850022431486493927/5000000000000000000000000000000000000000000000000000000000000000000000000000000000000000000000000000000000000000000000000000000000000000000000000000000000000000000000000000000000000000000000000000000000000000000000000000000000000000000000000000000000000000000000000000000000000000000000000000000000000000000000 3506860721983662515716547244767611835445706428742973098020784979572682715235565978506203787507009257806935736747457090714301782021733268217278644992006099374745305450940284123577586489514479798766190059853578223311554193430725150239619248273234180235275932578521710270422555058266038100862658821034660909886209/100000000000000000000000000000000000000000000000000000000000000000000000000000000000000000000000000000000000000000000000000000000000000000000000000000000000000000000000000000000000000000000000000000000000000000000000000000000000000000000000000000000000000000000000000000000000000000000000000000000000000000000000
0 0
0 0
0 0
2205891456381762394457490455544002821431512322522427780162162765703879068063196669350418498217658383299309484344592414126379430626293066111185159033836133829738506725332113532948931682271524464489275473458037015287895067916771106096786439567049062375734708799299793816165930824827863974265605958921208502118087/2500000000000000000000000000000000000000000000000000000000000000000000000000000000000000000000000000000000000000000000000000000000000000000000000000000000000000000000000000000000000000000000000000000000000000000000000000000000000000000000000000000000000000000000000000000000000000000000000000000000000000000000 -6935119108132110631995620576095670132401009373381005129152464852001094271563267900234095854435273310668629631144792846477687397853260217404140800696093938408141401650349035692303583116389543069262239861010467112363655912656368798724684206683305583345894370468436665783155310230456299233544769376550083209415207/10000000000000000000000000000000000000000000000000000000000000000000000000000000000000000000000000000000000000000000000000000000000000000000000000000000000000000000000000000000000000000000000000000000000000000000000000000000000000000000000000000000000000000000000000000000000000000000000000000000000000000000000
-1405242453334933289343977184965709955236402675084826163410784875613815382508235275940724091609342608584888745673989834751516011926867669767587116721630026657434729679035734928346221746456410509829968296123308749526050541675732878688999989734735017415623759604548507227392350966899771518125657068008748263834221/2000000000000000000000000000000000000000000000000000000000000000000000000000000000000000000000000000000000000000000000000000000000000000000000000000000000000000000000000000000000000000000000000000000000000000000000000000000000000000000000000000000000000000000000000000000000000000000000000000000000000000000000 -4028548335270172803170944558484269007829686487592851924268254541832049172714776763826848279362954169883110395319071281402882346419092267566515597451722092946583423486714754035120977231456038068783331751984947810694347478070644928970212619139498076327495547181787029759654082619111107758260288686563023565012377/5000000000000000000000000000000000000000000000000000000000000000000000000000000000000000000000000000000000000000000000000000000000000000000000000000000000000000000000000000000000000000000000000000000000000000000000000000000000000000000000000000000000000000000000000000000000000000000000000000000000000000000000
-207156541145830650547876447923797175825044343032861799737813596776827124119193805735075635135977634692628144404960492044090814341561234992235806363582487084525522768006775561949484252004129759709711244086641826907254318288730343072912105903143813049510652426947458944389773432789651261353706436739463654779413/312500000000000000000000000000000000000000000000000000000000000000000000000000000000000000000000000000000000000000000000000000000000000000000000000000000000000000000000000000000000000000000000000000000000000000000000000000000000000000000000000000000000000000000000000000000000000000000000000000000000000000000 1182625731359054532614594600906690171434243416842743806022654031981745350753030804096436126963345167056963761842436397450210397445796176914745500343618573859670467755203494619860036280889117049283480737797777839907391958741411367005347998863889024967931918453254448352091455395462286603026395352136613976321283/2500000000000000000000000000000000000000000000000000000000000000000000000000000000000000000000000000000000000000000000000000000000000000000000000000000000000000000000000000000000000000000000000000000000000000000000000000000000000000000000000000000000000000000000000000000000000000000000000000000000000000000000
1031810125456214543618214178564494259232273465047160802308119149256747564437340112017622615496457623562576409059630946670805256268014635116555152663545941448813755756729287182309266200458154697555152767911287898577618899297111007101333541592335663106157581225361066968500644019447550135237903992359360559847767/5000000000000000000000000000000000000000000000000000000000000000000000000000000000000000000000000000000000000000000000000000000000000000000000000000000000000000000000000000000000000000000000000000000000000000000000000000000000000000000000000000000000000000000000000000000000000000000000000000000000000000000000 -8794101099497062753297427169198799481690939311576201032247685531303993906137078432264288898669668512009368469763266320640885348105263027453548047747780794055054608936357982368688248535735675418825756581655187742607186719797946980815327052152043628103030699557017733481315691391002920910523550596662653835737293/10000000000000000000000000000000000000000000000000000000000000000000000000000000000000000000000000000000000000000000000000000000000000000000000000000000000000000000000000000000000000000000000000000000000000000000000000000000000000000000000000000000000000000000000000000000000000000000000000000000000000000000000
-6716224091231990557067901483278153723585219462244425429620665625905487942402907560130613771442402996966828298638419453373636229475496697518152199021710623167816748476601608777355867180199528361256561043945491212679408470383729409334331844936452079828064224898401711592934964002175978609455229826186543344411817/10000000000000000000000000000000000000000000000000000000000000000000000000000000000000000000000000000000000000000000000000000000000000000000000000000000000000000000000000000000000000000000000000000000000000000000000000000000000000000000000000000000000000000000000000000000000000000000000000000000000000000000000 7912121028648916439150832681771184487012067938602729533104257555313189880887860510864864793279026956665052661755584148771438910419017895010969100587181636865630076641375783990543237211637758297708473388512706888505774068641089533425109202804995631816465310776335137684405194918876319556967074143223132758762221/10000000000000000000000000000000000000000000000000000000000000000000000000000000000000000000000000000000000000000000000000000000000000000000000000000000000000000000000000000000000000000000000000000000000000000000000000000000000000000000000000000000000000000000000000000000000000000000000000000000000000000000000
0 0
0 0
0 0
4161958770872343959633035842228204447461628744374952515953907017627717113814052271823241188172771179012233691174623011421247275693917193657605532230089634812760906321816792169213643933224271884705825406370963245591760778431927710951790126621732439716547114991491697914452162538159204700911401398272823314816259/5000000000000000000000000000000000000000000000000000000000000000000000000000000000000000000000000000000000000000000000000000000000000000000000000000000000000000000000000000000000000000000000000000000000000000000000000000000000000000000000000000000000000000000000000000000000000000000000000000000000000000000000 155695527525292535683594449183006338115952301514579978668375886512858448974847657706204491960027563410976457526132077142662888040502736419862345605445334420432303865788281434373404935625631915879588820273118502729409866422991077626750533238008411572027105445625164868772929497856938787243270020151011634076183/400000000000000000000000000000000000000000000000000000000000000000000000000000000000000000000000000000000000000000000000000000000000000000000000000000000000000000000000000000000000000000000000000000000000000000000000000000000000000000000000000000000000000000000000000000000000000000000000000000000000000000000
5798749082253575240573949193560710823585425348784504288750589372795096904385914144091150361386913341076256326471327322499167271433356306014614682092683020187100508154544071306155976966064603396777088327983182379154009902588321885438793717693686852590644449554313793355285470537778788100815382521058529101896483/10000000000000000000000000000000000000000000000000000000000000000000000000000000000000000000000000000000000000000000000000000000000000000000000000000000000000000000000000000000000000000000000000000000000000000000000000000000000000000000000000000000000000000000000000000000000000000000000000000000000000000000000 3619303471842733333247694423648293526824024649678473265775505024929920809211007182687250727494861598278449187424007111858154426176224901924020281127310669690107819596834703562250846667419748300662872668806095958139645312750930149913471790664927514710356946122947324335163703933131825396270199958258890002036277/10000000000000000000000000000000000000000000000000000000000000000000000000000000000000000000000000000000000000000000000000000000000000000000000000000000000000000000000000000000000000000000000000000000000000000000000000000000000000000000000000000000000000000000000000000000000000000000000000000000000000000000000
3796910176059997820113672304966796679456828616961780372929000080637518641143277761381829626117451581350604126016840632029175680286878621369706415312636192843372620879962495262320504849148041294985053757774257067350973104252490288115036952860853685352302678476833096710948949869708855599765950313260849243665407/5000000000000000000000000000000000000000000000000000000000000000000000000000000000000000000000000000000000000000000000000000000000000000000000000000000000000000000000000000000000000000000000000000000000000000000000000000000000000000000000000000000000000000000000000000000000000000000000000000000000000000000000 3137784578914743564249636235522233001370499936423898387846990786174672618325285225136953512830864780628967585836000624230540388907795049963650779886512531723698312763459826511020613806524615361522679610955806570764817227702032070263476907255179762515137567556869209561817460424953527599564889289246205420270351/10000000000000000000000000000000000000000000000000000000000000000000000000000000000000000000000000000000000000000000000000000000000000000000000000000000000000000000000000000000000000000000000000000000000000000000000000000000000000000000000000000000000000000000000000000000000000000000000000000000000000000000000
-2228910072495115841661546526099823051504687347766396939028468763436057026457686443090761247969508042401157571538544552876516713922319119911537943428912404238676876140433948883116831884664609898398549962898950309948523270850898519855513634189966458311972453887416737186511048643303463983876208438119332559759491/25000000000000000000000000000000000000000000000000000000000000000000000000000000000000000000000000000000000000000000000000000000000000000000000000000000000000000000000000000000000000000000000000000000000000000000000000000000000000000000000000000000000000000000000000000000000000000000000000000000000000000000000 3518128457715236609388907450899248155381068609707757729685635589488868094495289659485135085823686402385133324114268118235427749575706165660165902227617479691792367844870111985663984637745506787591632127434322997274606682376012372552567442154713545748312286355239988659093364532159893915405213901554713642532603/10000000000000000000000000000000000000000000000000000000000000000000000000000000000000000000000000000000000000000000000000000000000000000000000000000000000000000000000000000000000000000000000000000000000000000000000000000000000000000000000000000000000000000000000000000000000000000000000000000000000000000000000
1465749967045511063117320349464219990149396413179308614332582822270763556207799178957967722302246417456475805719445221784504469368448484666352248468880752325515672470718428932627041124480709929266857970946891335911081971145366639992966154403346091669378993776761670763216624287669529464862037851119725211951393/5000000000000000000000000000000000000000000000000000000000000000000000000000000000000000000000000000000000000000000000000000000000000000000000000000000000000000000000000000000000000000000000000000000000000000000000000000000000000000000000000000000000000000000000000000000000000000000000000000000000000000000000 1141054186250038798293426464648562216567080091010825746225693142084306899377386124750213888018833873927612585057237540600016027120899146088818260695820902606061066323806007826662993526780697406511631921514512728056883364730827730740851344208194870111108623443538363727820553583734156598913979330299372879020031/1250000000000000000000000000000000000000000000000000000000000000000000000000000000000000000000000000000000000000000000000000000000000000000000000000000000000000000000000000000000000000000000000000000000000000000000000000000000000000000000000000000000000000000000000000000000000000000000000000000000000000000000
0 0
0 0
0 0
-1566861573878562896687262094051902456764287842034622515130554851637075204512425809200182397648482329060985331166219464022000304196076177062209309666870994799314668210246536065888798195625898259852722735287011701944075601630963331984936115536326277105515052715461127809375782671176792544129061268451785242478219/2000000000000000000000000000000000000000000000000000000000000000000000000000000000000000000000000000000000000000000000000000000000000000000000000000000000000000000000000000000000000000000000000000000000000000000000000000000000000000000000000000000000000000000000000000000000000000000000000000000000000000000000 -6778824848673288472740601519679743723648326344434526685197766759782868532764937042265132190543781323984455259279967394514211805041809193965304210972633788110745225671686023085638419926083960877579664668568721591099670730589720102170869220253517923937185034507374749866682620556024335860793401015064820924539719/10000000000000000000000000000000000000000000000000000000000000000000000000000000000000000000000000000000000000000000000000000000000000000000000000000000000000000000000000000000000000000000000000000000000000000000000000000000000000000000000000000000000000000000000000000000000000000000000000000000000000000000000
3675015525016811178798916524958522089442645852649423064945987372637289009634741766669640319851854693753124744957004041574740627135723636601407130017120227667935034520439151333754463329455198832536682280056025097600796887063537983856580122867042750829374231913120216664760183901858150400697124793231751071109531/5000000000000000000000000000000000000000000000000000000000000000000000000000000000000000000000000000000000000000000000000000000000000000000000000000000000000000000000000000000000000000000000000000000000000000000000000000000000000000000000000000000000000000000000000000000000000000000000000000000000000000000000 -411599696503746269984089514853779496589574138133464313026563244914985696016812196739361826103600346858168445497569173501020635659996285603327957671805755446985271748727528970165898720763450006458904332415032971000313755273350259481203803830306547583275356663778828085713250116619058848536162672187136716761327/1000000000000000000000000000000000000000000000000000000000000000000000000000000000000000000000000000000000000000000000000000000000000000000000000000000000000000000000000000000000000000000000000000000000000000000000000000000000000000000000000000000000000000000000000000000000000000000000000000000000000000000000
1487264012657305870611469083714112098192626951846531864213198593152425353653720893180696107090793579753977681818140095762744481960558452589198124997486894804013469004683680705762552186909607022521512435233190944731428746272618199720106557384721582642455526208858946677552308449996168717381100851908255212419537/2500000000000000000000000000000000000000000000000000000000000000000000000000000000000000000000000000000000000000000000000000000000000000000000000000000000000000000000000000000000000000000000000000000000000000000000000000000000000000000000000000000000000000000000000000000000000000000000000000000000000000000000 842895553292451307758083447941351535368161296051564830701245105441910886138854403868166634053048096365101197707122127218350199379245767696039290561063688372965614767890725964123079662596815808556158718640151105649121454195482510059735989366191297038384759783311151321237681416607687963607000440292514010804717/1250000000000000000000000000000000000000000000000000000000000000000000000000000000000000000000000000000000000000000000000000000000000000000000000000000000000000000000000000000000000000000000000000000000000000000000000000000000000000000000000000000000000000000000000000000000000000000000000000000000000000000000
-8080529455925867617182437233744833627605127729007553677006560404128717031600220315718423956607480525035497139946035348568179171266604075284596210953051378593297095375131018994423983906237521080031435629229271152867418477065318033679315086867999555657644305574024236676068772989993554779829252448801508528967479/10000000000000000000000000000000000000000000000000000000000000000000000000000000000000000000000000000000000000000000000000000000000000000000000000000000000000000000000000000000000000000000000000000000000000000000000000000000000000000000000000000000000000000000000000000000000000000000000000000000000000000000000 -6575576199760392518175240762191067484264738493601166475554914459675472807538542078655871366493924917288171485298363501876760017449331128491893701282803463502189565771727332763124422295801968943789793718529797986158394588101602720956931694989845876786184645534589566573281114673056526836153264437360469146210769/10000000000000000000000000000000000000000000000000000000000000000000000000000000000000000000000000000000000000000000000000000000000000000000000000000000000000000000000000000000000000000000000000000000000000000000000000000000000000000000000000000000000000000000000000000000000000000000000000000000000000000000000
-1673581641706479056780811340702310357318137196741498530331786494175003932924352215106338645810977684304051044954436715796360639219132620621125053845044400542641378295683902068968695235085925976527162026060624352295987881167298377424717760687719574549617703384342353084878648619143265530547774904215019812833271/5000000000000000000000000000000000000000000000000000000000000000000000000000000000000000000000000000000000000000000000000000000000000000000000000000000000000000000000000000000000000000000000000000000000000000000000000000000000000000000000000000000000000000000000000000000000000000000000000000000000000000000000 -4416599309732743872994627205835967204003273050067951572038706564554911209896446386593993095374320267812153372521997219684378640781475437887487169061245045946303871813556677137152433332978578735617235194113051087687662517870557470086660745827626154573647697746929313458593431039917916025225418642749373961216151/5000000000000000000000000000000000000000000000000000000000000000000000000000000000000000000000000000000000000000000000000000000000000000000000000000000000000000000000000000000000000000000000000000000000000000000000000000000000000000000000000000000000000000000000000000000000000000000000000000000000000000000000
0 0
0 0
0 0
6561429283264843953515445087308342269089539038446388509078758457049018793084141589082449616806150814909412177051625124690870120602970600762259260264265015855021028431732032768050843067892580544702795809255951056642731132139484339926283200576617438779702440101759029672982704783844454118840372536952446280304067/10000000000000000000000000000000000000000000000000000000000000000000000000000000000000000000000000000000000000000000000000000000000000000000000000000000000000000000000000000000000000000000000000000000000000000000000000000000000000000000000000000000000000000000000000000000000000000000000000000000000000000000000 1190395521247535495113763925970600378185009242184945122592295699621330730917033409393838040138050266517224329995820793000278201172215784074158586387514033580973405896731123911817417753698620754850672536237271523124392924339000852598914468555639713507549948129620783890862933956653278972220092539775017328811983/2000000000000000000000000000000000000000000000000000000000000000000000000000000000000000000000000000000000000000000000000000000000000000000000000000000000000000000000000000000000000000000000000000000000000000000000000000000000000000000000000000000000000000000000000000000000000000000000000000000000000000000000
206789723570937689897980831296427895370286113008399020302125795952621917252916961928695540406537892657392143920111123285921848083194663179273660458252001178844094750306081909192024058612355566333783518267550087417983899383068428013019173478733529787996336078732778182686685124327652094419738628371753779780427/2000000000000000000000000000000000000000000000000000000000000000000000000000000000000000000000000000000000000000000000000000000000000000000000000000000000000000000000000000000000000000000000000000000000000000000000000000000000000000000000000000000000000000000000000000000000000000000000000000000000000000000000 -472170833675368779417703637164610184604927864577383906653114634385464413646868217910460640852841076351573542252935845213530213993238716214827162338449386180223913858894988344006348166991997160940071831899567428407627934263702011452783121904914350837956627398456491129640362541974666069220537592895486219830723/625000000000000000000000000000000000000000000000000000000000000000000000000000000000000000000000000000000000000000000000000000000000000000000000000000000000000000000000000000000000000000000000000000000000000000000000000000000000000000000000000000000000000000000000000000000000000000000000000000000000000000000
-2016544933606631425952763603355623348067198095439462698407926062198786729327764841953405903294356702868863530950649845448044047497492034210055205136009689783893274740092476632378224139422346165712563519086365691659478084453001386019363887246024731512032185781072146682309243408096337146254319456344098286445281/2500000000000000000000000000000000000000000000000000000000000000000000000000000000000000000000000000000000000000000000000000000000000000000000000000000000000000000000000000000000000000000000000000000000000000000000000000000000000000000000000000000000000000000000000000000000000000000000000000000000000000000000 276654264471187804819539831772187502235350962653808360305375896596345526074292745004681138240968691671818615974895946243347397996870578523085571135320166674569838131264812048163845488366697129528968876879972572109440707994663573430075768806148817369268797832420765193323324012573016456984786083870247233663727/2000000000000000000000000000000000000000000000000000000000000000000000000000000000000000000000000000000000000000000000000000000000000000000000000000000000000000000000000000000000000000000000000000000000000000000000000000000000000000000000000000000000000000000000000000000000000000000000000000000000000000000000
6549237566792226932592323371754775080483440614572173432045144767402037700134440934420043294612864553817673210050035768941629993683126402835892293613855547730511079846557358704012615345901333466599396185046707973358472390706652822707143243704312193053160150299731306592202803626536639297919570062735156147011883/10000000000000000000000000000000000000000000000000000000000000000000000000000000000000000000000000000000000000000000000000000000000000000000000000000000000000000000000000000000000000000000000000000000000000000000000000000000000000000000000000000000000000000000000000000000000000000000000000000000000000000000000 2570339008105031062041110452970972465428940548024074005034048025288091957713401733034339996889556560830127912584657347583790017951390653466790300646653025417602384504412333971295569990422469105391653562908217361038061140922915239044149514751449563842644384408938412366233368152076768139602750730860170946836191/5000000000000000000000000000000000000000000000000000000000000000000000000000000000000000000000000000000000000000000000000000000000000000000000000000000000000000000000000000000000000000000000000000000000000000000000000000000000000000000000000000000000000000000000000000000000000000000000000000000000000000000000
130655191599251460685144478285914145151084958139211671425582392203656785100950013141489076398166032349886125557829108347737300445277675239745823819169860381361439616788952762913926037859547489005389918585397679972290195954213121330803473955269336852622882032183080273751175843669442679936447586333582426390929/250000000000000000000000000000000000000000000000000000000000000000000000000000000000000000000000000000000000000000000000000000000000000000000000000000000000000000000000000000000000000000000000000000000000000000000000000000000000000000000000000000000000000000000000000000000000000000000000000000000000000000000 -9252314232780870060376838329315556104536631470575263797962062772345160726847091507056199919252482780385016096874862067797701297105299818209320893295042865035267675533316961157604129929001981803788713118790961416242207916071618494788995279919159349665310380732254270034818043922424596912267967195507893527580159/10000000000000000000000000000000000000000000000000000000000000000000000000000000000000000000000000000000000000000000000000000000000000000000000000000000000000000000000000000000000000000000000000000000000000000000000000000000000000000000000000000000000000000000000000000000000000000000000000000000000000000000000
0 0
0 0
0 0
0 0
0 0
0 0
0 0
0 0
4606117604518388408579205901249636294178295665939123896705515023850740291472409440511367978158064833356271657081049021933474464707367411863285939070966279610166489339736644258879067899721748056974924575558839706497635926523887479548105438478362655515781787553357198263193341900370494992559938467378217705242143/10000000000000000000000000000000000000000000000000000000000000000000000000000000000000000000000000000000000000000000000000000000000000000000000000000000000000000000000000000000000000000000000000000000000000000000000000000000000000000000000000000000000000000000000000000000000000000000000000000000000000000000000 -1260990133669422705552502637201111568859539028759990002672069351045822592316525669296906839920710314995567132722585444535446813902478845188535536564910371627224699006812914816716482493307646880031912984713430419629298380595131229193606024338569545100201394827612934365166847435902515963112305895609866198631609/2000000000000000000000000000000000000000000000000000000000000000000000000000000000000000000000000000000000000000000000000000000000000000000000000000000000000000000000000000000000000000000000000000000000000000000000000000000000000000000000000000000000000000000000000000000000000000000000000000000000000000000000
2392455501508984545858261836674586434018735422295933375993970355025420827512734199082970757243185600216561417004814512868362720416443141154992393885249892482888244236335827960966253901150573917819784870585182964645320382481925103000423140186917086608088675884373120657543462969092495092907979580742910009818391/5000000000000000000000000000000000000000000000000000000000000000000000000000000000000000000000000000000000000000000000000000000000000000000000000000000000000000000000000000000000000000000000000000000000000000000000000000000000000000000000000000000000000000000000000000000000000000000000000000000000000000000000 1645942580380545618231700660918131524807661218556664544563084636816796521990944137074864582918205001386706243743136685088762305102735814536121923443066006481139519668876719190596153249266283960762245801860309023286114235944861749159916910595790801267961503332617373678233003172438526404199176155730114753930807/2000000000000000000000000000000000000000000000000000000000000000000000000000000000000000000000000000000000000000000000000000000000000000000000000000000000000000000000000000000000000000000000000000000000000000000000000000000000000000000000000000000000000000000000000000000000000000000000000000000000000000000000
-2781424284105983066066212577602174439660295691935679337028577990918027042039675496138532379035785324926847066833144207580939061598283669364503376029516792789445095510106368227312711836052073992360772619045000847044248661720646288576414556894407609592662080212759817473991105959809111264883170939860542705985321/5000000000000000000000000000000000000000000000000000000000000000000000000000000000000000000000000000000000000000000000000000000000000000000000000000000000000000000000000000000000000000000000000000000000000000000000000000000000000000000000000000000000000000000000000000000000000000000000000000000000000000000000 5835647244665552378549847861813585927200758001241704306278013074509794792827250189184041952729667504783555467894699034993288459528996084519649086450618222860160041644577261955721776995111872250504595973468367249162067113674480772107793378964858923041572485444979944076434017391799622153710117016742975954277397/10000000000000000000000000000000000000000000000000000000000000000000000000000000000000000000000000000000000000000000000000000000000000000000000000000000000000000000000000000000000000000000000000000000000000000000000000000000000000000000000000000000000000000000000000000000000000000000000000000000000000000000000
286760546920230763324254816971125043281301629589221878257907614272445215523404542030903246217768821348512689455856510357552635389777378629494126456060751924383686283019888582081024194693055499740323640195971969097480772797600188486816797252995316447794070929060043752521578598976756440665639812582264660683331/400000000000000000000000000000000000000000000000000000000000000000000000000000000000000000000000000000000000000000000000000000000000000000000000000000000000000000000000000000000000000000000000000000000000000000000000000000000000000000000000000000000000000000000000000000000000000000000000000000000000000000000 860951300641458483845204578714972882875021743892471021063109442439618414573534174930965507362227062048762651114235531614518311278894529332536977329030779744237320178351749411337791509452251195494734164778026726965862139981406340632350368300979976885980443145232675389223439760124120991311638643392784838661439/1250000000000000000000000000000000000000000000000000000000000000000000000000000000000000000000000000000000000000000000000000000000000000000000000000000000000000000000000000000000000000000000000000000000000000000000000000000000000000000000000000000000000000000000000000000000000000000000000000000000000000000000
-201974903400926065010349216802385992577613987161989940374322740164945166808196369339259273182762028247966347945635803854849658645562273258550784021398191047751690214376449040857960914553671037841726250179328138067139834760620269570415589078954384415766026971589757490248680021242868588124270135874122248784919/2000000000000000000000000000000000000000000000000000000000000000000000000000000000000000000000000000000000000000000000000000000000000000000000000000000000000000000000000000000000000000000000000000000000000000000000000000000000000000000000000000000000000000000000000000000000000000000000000000000000000000000000 -659002661324351596472114432607190466918204708251569321136306414971687581095076393562535932438579227603929853746960254595599078388347774020184957579431505262086427745216870984490197037215118669275629466263447592470994572589525135551099349497219497704166112931440851439535709002099497750850944487315884552083273/1250000000000000000000000000000000000000000000000000000000000000000000000000000000000000000000000000000000000000000000000000000000000000000000000000000000000000000000000000000000000000000000000000000000000000000000000000000000000000000000000000000000000000000000000000000000000000000000000000000000000000000000
574741296308170922487025571609133716603049100886532421981312714393302640251113107196314687269058555682993057743761462374302152133564244510051736419315044561506795737015313860645068315217995404451502417482199866999995247144509889136405940994533146076807691104145883730498383095385248217151965325308698114641973/2500000000000000000000000000000000000000000000000000000000000000000000000000000000000000000000000000000000000000000000000000000000000000000000000000000000000000000000000000000000000000000000000000000000000000000000000000000000000000000000000000000000000000000000000000000000000000000000000000000000000000000000 7239840940195643296380916060781751658098791798449887050442421574449222033793576486816284542240115197007273484834592627192848573560695386839123075538203970644455280581666453339531356943968118634058511229293063004800103836846163498344548345804247746399308015995344353297455119100184945893896111519572557966733689/10000000000000000000000000000000000000000000000000000000000000000000000000000000000000000000000000000000000000000000000000000000000000000000000000000000000000000000000000000000000000000000000000000000000000000000000000000000000000000000000000000000000000000000000000000000000000000000000000000000000000000000000
-2314239010788283686475141787076956228030121512523488585668695955552216242728823523932655380476512232749743838226711482644392045481969523877017427755456974826228297717702177556542551519583490358857512904896722968871254355635571173628860361386246544427579340612121364612019601362729672583724922491769653795837579/10000000000000000000000000000000000000000000000000000000000000000000000000000000000000000000000000000000000000000000000000000000000000000000000000000000000000000000000000000000000000000000000000000000000000000000000000000000000000000000000000000000000000000000000000000000000000000000000000000000000000000000000 -9658814024551905077156822857616984722393888800053402398549685534400197837309009423947025679925471371611698410370866200526355006923159604749021972483545556333970668117909376805440806890788332166923518932771281982105501146021851821497242618077886991435730525166349793755825364069427459754824813029888674489486397/10000000000000000000000000000000000000000000000000000000000000000000000000000000000000000000000000000000000000000000000000000000000000000000000000000000000000000000000000000000000000000000000000000000000000000000000000000000000000000000000000000000000000000000000000000000000000000000000000000000000000000000000
-1785802516646372542466713860365547635207306059398778689797520789765764318964322223366184278538418818295089292952313507054285209220476174750751004142044813489845319312617741404307661983970839925210077062873254701247669118079290065854968200116918723941894842227168787532730834418526299630679441220129285032136317/5000000000000000000000000000000000000000000000000000000000000000000000000000000000000000000000000000000000000000000000000000000000000000000000000000000000000000000000000000000000000000000000000000000000000000000000000000000000000000000000000000000000000000000000000000000000000000000000000000000000000000000000 -2954807854414574361650284357335115843633888235747344291720429008898409227234955047575292981051013402282467672480322224901715378746541003399264658204451385402016510774916048966932076789615791513523644209596747316166892001254794785863149761348287526470596155097793867517717375714782401531620007468058998497905731/5000000000000000000000000000000000000000000000000000000000000000000000000000000000000000000000000000000000000000000000000000000000000000000000000000000000000000000000000000000000000000000000000000000000000000000000000000000000000000000000000000000000000000000000000000000000000000000000000000000000000000000000
0 0
0 0
0 0
0 0
0 0
0 0
0 0
0 0
-1316990445420689090642125617403923982900558426799193594417910058073055782354989873203869680273009206996603010773855256583300562230107411090711208409075093221375002124113746034024842569981187579871262326578960539816317873540399039917376094703571742295121241114086752998837332790021026088761085638171475324633897/5000000000000000000000000000000000000000000000000000000000000000000000000000000000000000000000000000000000000000000000000000000000000000000000000000000000000000000000000000000000000000000000000000000000000000000000000000000000000000000000000000000000000000000000000000000000000000000000000000000000000000000000 149862663073888462966961178692218283313134210347222234882846790901766249750073380884712117634088875250532970103121842192802356790105288833599250335786661220103501415356071631553812624943907039473948778488065216157920629213782673640887158442716696048974750363887021763653482023993366672052628236828065571723799/156250000000000000000000000000000000000000000000000000000000000000000000000000000000000000000000000000000000000000000000000000000000000000000000000000000000000000000000000000000000000000000000000000000000000000000000000000000000000000000000000000000000000000000000000000000000000000000000000000000000000000000
1484558391255478090942545399664173381513632561214069894102830341905289401136056970344348464232864748452884960113964125162081433096958274902669985220637671425215812644495120653914824434436536594342669505897940476529148554714753766288322661050265631957755428925785105030930959161353693684132944897672221908406597/2000000000000000000000000000000000000000000000000000000000000000000000000000000000000000000000000000000000000000000000000000000000000000000000000000000000000000000000000000000000000000000000000000000000000000000000000000000000000000000000000000000000000000000000000000000000000000000000000000000000000000000000 -3324929065249044036970139021366675299033973801258431911629288856254863083958265337997093113979619539868936096394414638373476455156319077766661980357314196232379662843203278026690147828268777940666199986024324538422251458209771088972736068213023207858850960958469355711806525561775807638403679034683738830049639/100000000000000000000000000000000000000000000000000000000000000000000000000000000000000000000000000000000000000000000000000000000000000000000000000000000000000000000000000000000000000000000000000000000000000000000000000000000000000000000000000000000000000000000000000000000000000000000000000000000000000000000000
-8643316284285341431191895780970165015526146181361933178413525441589275499084150324622663365118680005342343072752038883137403335614933036297520167505236312602129198335498929807089958520815364716178895615106437661516252811706033308717627072631789152507429852294856351862066179035412322912892171609876912988782671/10000000000000000000000000000000000000000000000000000000000000000000000000000000000000000000000000000000000000000000000000000000000000000000000000000000000000000000000000000000000000000000000000000000000000000000000000000000000000000000000000000000000000000000000000000000000000000000000000000000000000000000000 -3266777448654627899946093926959413228655672045665916677281143164349259044335448486765048536932049333976283824609361541539431973126413857308858142794948585678002010307385359759426272802973090435021763866892840589763244478604098712088273039214074057666728704354728947358017095028063311205325921644245508112490427/10000000000000000000000000000000000000000000000000000000000000000000000000000000000000000000000000000000000000000000000000000000000000000000000000000000000000000000000000000000000000000000000000000000000000000000000000000000000000000000000000000000000000000000000000000000000000000000000000000000000000000000000
-901748601011242233264674244285584043227569449529453976975368913529243220182645812349634601499000104229155725673076060415346693275296553581231972043645885945155171406585900610573663459827407755263438254319475106638151013936597590864394898119784341792227791937939232893459842337543561937677088967720444981028051/5000000000000000000000000000000000000000000000000000000000000000000000000000000000000000000000000000000000000000000000000000000000000000000000000000000000000000000000000000000000000000000000000000000000000000000000000000000000000000000000000000000000000000000000000000000000000000000000000000000000000000000000 -1585694443505012648446717729147547201850488413411095525443167165212277433313070996196235470288258420108613523536717684128052901260567266100933602673608809311769786962092313476164000435186002941265233347097992243632568209780059012254170108277440339693932988165575260364817004633270652421707609976861720841080787/2000000000000000000000000000000000000000000000000000000000000000000000000000000000000000000000000000000000000000000000000000000000000000000000000000000000000000000000000000000000000000000000000000000000000000000000000000000000000000000000000000000000000000000000000000000000000000000000000000000000000000000000
-9748273355352729727576513634842010916996729156839887838414340854609706468432204950359124569248290249361085056261058113346210294717351243280063413674966666149585256030274568253703164974280166251224717763187232912517779840441356794729290793237639669205193542193904125172799027140592708683487644569406067918648457/10000000000000000000000000000000000000000000000000000000000000000000000000000000000000000000000000000000000000000000000000000000000000000000000000000000000000000000000000000000000000000000000000000000000000000000000000000000000000000000000000000000000000000000000000000000000000000000000000000000000000000000000 128327666830375580801505128947076305877952709143996762604905139883862196184364739271319942788357898928819463510891846242946810320365366679953329684875372380225083348553372065948522873020047836405362803480317311984617558715385329480581135085088480847201867609618586344706145880938679168432201342861687399647379/10000000000000000000000000000000000000000000000000000000000000000000000000000000000000000000000000000000000000000000000000000000000000000000000000000000000000000000000000000000000000000000000000000000000000000000000000000000000000000000000000000000000000000000000000000000000000000000000000000000000000000000000
-2260945301854128615070591525390724309241479242257652627677208748046674291721712620616241811210173634755299085761626701116125975556976666955273168111066892973415538307193362666755519865931563447197401566717652336151753399757648210048861796230595263591275326540547752961341188875344932977936584855286600044045851/2500000000000000000000000000000000000000000000000000000000000000000000000000000000000000000000000000000000000000000000000000000000000000000000000000000000000000000000000000000000000000000000000000000000000000000000000000000000000000000000000000000000000000000000000000000000000000000000000000000000000000000000 414895006318898088777034522199450511297826054253947915953219034749153634558014260861655140572978371144617143377848711369680069089688316472969322125771371074854550466399556431923200817186340880689978315926375460705391705946927422101372616188202536905449978337515736520938009030132635813260481541223617108397509/25000000000000000000000000000000000000000000000000000000000000000000000000000000000000000000000000000000000000000000000000000000000000000000000000000000000000000000000000000000000000000000000000000000000000000000000000000000000000000000000000000000000000000000000000000000000000000000000000000000000000000000000
35865228777613669532701721906176905276474315753282701347212304051095154560854875704935054802116551484400788401344470767726619378723545076746822635576695883723189358554337347676828992859648275578962743660194306392527120772319814836480910965176268971032567069646610982608166045631470171086191663694260349111211/50000000000000000000000000000000000000000000000000000000000000000000000000000000000000000000000000000000000000000000000000000000000000000000000000000000000000000000000000000000000000000000000000000000000000000000000000000000000000000000000000000000000000000000000000000000000000000000000000000000000000000000 -7276820659013009946539541094644409830090764898436590334867969925846792502826569339724269003381786982558751284772249515486254614322814929821398704335639715584525187877138637505312182382691899298681717719043904625388710487497384118468115675234704893362268415501193543581266451839987036823642495886622022308042189/10000000000000000000000000000000000000000000000000000000000000000000000000000000000000000000000000000000000000000000000000000000000000000000000000000000000000000000000000000000000000000000000000000000000000000000000000000000000000000000000000000000000000000000000000000000000000000000000000000000000000000000000
936820354241922605969596703316571004759673788265415009210053924295681588871953451324075180023731296685992126618657861896626159519478044410921041809530012093852475787364018800897982428152783748010679470449216305581618135463771273392140509570339153920856175428732472260448197721199881614186782682303779298784731/5000000000000000000000000000000000000000000000000000000000000000000000000000000000000000000000000000000000000000000000000000000000000000000000000000000000000000000000000000000000000000000000000000000000000000000000000000000000000000000000000000000000000000000000000000000000000000000000000000000000000000000000 7256791307553467306121431586704339943477869662367902441437586077346468185538808789448145081734882507001246190255253096686874140699466692714271918337558118643940285134118028048525950580006774895793268702245487291556436504169622531090492067040538465662302494160698197455071379519864389469462815847569283975442703/10000000000000000000000000000000000000000000000000000000000000000000000000000000000000000000000000000000000000000000000000000000000000000000000000000000000000000000000000000000000000000000000000000000000000000000000000000000000000000000000000000000000000000000000000000000000000000000000000000000000000000000000
0 0
0 0
0 0
0 0
0 0
0 0
0 0
0 0
2735644882922569477841695965966800555621267420835864863644926660315980834169077053029675795099299668958662136949047956207572340688295795560178961306332001540287091399109436174251504870443821820751981143469033859941574285812883517253486798563761434459784920278131716240030418736532574760083113652523515081693517/10000000000000000000000000000000000000000000000000000000000000000000000000000000000000000000000000000000000000000000000000000000000000000000000000000000000000000000000000000000000000000000000000000000000000000000000000000000000000000000000000000000000000000000000000000000000000000000000000000000000000000000000 -3643715142034214482013451344980529752191527300663365637491465794599269333206558644959297610401431115277011663628647691609274407450211202544857932910640843618482388950037127325265686189799550066226785112764799770086393803520572628619710425629012653255097927755040663371918325870166831528747201231344805956974651/5000000000000000000000000000000000000000000000000000000000000000000000000000000000000000000000000000000000000000000000000000000000000000000000000000000000000000000000000000000000000000000000000000000000000000000000000000000000000000000000000000000000000000000000000000000000000000000000000000000000000000000000
-105025050205432176900086311526825527401462744737566482230632555340779383130397460115556338782845674912896092927489146903794457860642658202268370204657516099419964090322384820642009557675558277394961687179432832975301222252525384128616575603992240295962752665399884855472713814421439500819817415676295439270507/125000000000000000000000000000000000000000000000000000000000000000000000000000000000000000000000000000000000000000000000000000000000000000000000000000000000000000000000000000000000000000000000000000000000000000000000000000000000000000000000000000000000000000000000000000000000000000000000000000000000000000000 -8310043870740745503462576111591340034907363295125871217921509625698078896234795620747166749757470066638271548760831455214802533298970437761838387300230805243824803081936979714587161868716214927897152504987296171753991348321283356127082913508841990959015928436090929120369297348809088060091030929952771340407189/10000000000000000000000000000000000000000000000000000000000000000000000000000000000000000000000000000000000000000000000000000000000000000000000000000000000000000000000000000000000000000000000000000000000000000000000000000000000000000000000000000000000000000000000000000000000000000000000000000000000000000000000
-7794971006877458971500691322082400854245222626290658755128157862584108328510709783777298531651502881839275768343414657807898575013376795464148611772052571085065877677234186798604899546376755763470958129486604562016023742844138915023548089329540417123236830193533774554486876576910251597421404534436991127833329/10000000000000000000000000000000000000000000000000000000000000000000000000000000000000000000000000000000000000000000000000000000000000000000000000000000000000000000000000000000000000000000000000000000000000000000000000000000000000000000000000000000000000000000000000000000000000000000000000000000000000000000000 641969336943715124183636608156465918196389858372472865933501641636397969317574578487198289538378172064661748140723836051496693962441454571513327454479845618046781882623339221265502288663011608435233064476416556006826222284725647362581247311455412753992393101655297455678866165269157039974476108233936078986029/5000000000000000000000000000000000000000000000000000000000000000000000000000000000000000000000000000000000000000000000000000000000000000000000000000000000000000000000000000000000000000000000000000000000000000000000000000000000000000000000000000000000000000000000000000000000000000000000000000000000000000000000
8910327015350017072843795569732733673398256824261648771851053584174119712747350576058766630184891162324794649101671638390349925669778620978450575538339155815602010374216441189578184271516252677741091964967037689945828098483966841925206326109054060822134067200966902865987449366597440944320137154104939825333543/10000000000000000000000000000000000000000000000000000000000000000000000000000000000000000000000000000000000000000000000000000000000000000000000000000000000000000000000000000000000000000000000000000000000000000000000000000000000000000000000000000000000000000000000000000000000000000000000000000000000000000000000 2014321682880501302416605246423209950834934129155501586487825079588791275469342234966119960197912433896779205086214207918841286451441123069913350919406329153740154581244591861186715594189323342939637046907296865026227539427908603983516455346492976113992504311077559998658144799773590717405483924043186867763049/5000000000000000000000000000000000000000000000000000000000000000000000000000000000000000000000000000000000000000000000000000000000000000000000000000000000000000000000000000000000000000000000000000000000000000000000000000000000000000000000000000000000000000000000000000000000000000000000000000000000000000000000
6907739326474180047474647852864364707008519814883353111588357874301942865314675812771046485277437339172608699438093038131610460244781016227427163153669659891395849927811148316499196856414929023359589372738784780741986211510665427462232662510432795702844365454278599773049807619136549450332431287195251497596553/10000000000000000000000000000000000000000000000000000000000000000000000000000000000000000000000000000000000000000000000000000000000000000000000000000000000000000000000000000000000000000000000000000000000000000000000000000000000000000000000000000000000000000000000000000000000000000000000000000000000000000000000 -7645652562158595687175508924907679410164755948706772173745598114284515515024815003638311864297688126744731145513922631745333739786002485299679199807487180608997206593499979885517910777942216405026172992230327705459637960235239622232065028725753555964363629792041722592655566358716247638816474563244481870981819/10000000000000000000000000000000000000000000000000000000000000000000000000000000000000000000000000000000000000000000000000000000000000000000000000000000000000000000000000000000000000000000000000000000000000000000000000000000000000000000000000000000000000000000000000000000000000000000000000000000000000000000000
1419674721229584719823576786571337116821051705383245062067530618885688501009087932009849328029427735750598159604616138062240033077783937925322939581008092850561127665308691544150337590862761760959132699310962127414971466370294453260617417341559266771981272988741021826245626466193809311992917837106046210300767/5000000000000000000000000000000000000000000000000000000000000000000000000000000000000000000000000000000000000000000000000000000000000000000000000000000000000000000000000000000000000000000000000000000000000000000000000000000000000000000000000000000000000000000000000000000000000000000000000000000000000000000000 8666912190819133027862428869133925971170205876810892465536302126122740165309702286534315305052264474951844304966968248129311432200103386121387601691747287385386372259369182056394889626691350011668494536758108885196190802638460457215093063372229261694553612356175651042357577835113122764224925113852572377387957/10000000000000000000000000000000000000000000000000000000000000000000000000000000000000000000000000000000000000000000000000000000000000000000000000000000000000000000000000000000000000000000000000000000000000000000000000000000000000000000000000000000000000000000000000000000000000000000000000000000000000000000000
-1056605547169309695001132386525600397051432825298164565813261000002120662976108759047292312302118986939934738473775673881397164822978803639293878773950510474912375301835077842849486413252434599298517111631116885732137959247205593383431094903762026127820700010195786443367340403894044645256881651888970284897941/2000000000000000000000000000000000000000000000000000000000000000000000000000000000000000000000000000000000000000000000000000000000000000000000000000000000000000000000000000000000000000000000000000000000000000000000000000000000000000000000000000000000000000000000000000000000000000000000000000000000000000000000 -2189377010679353156556201670712471249678729430935456883929491334867251639491218766212899143172357059537284658132221438852508508942316415186952855247645813877256520198167096664410961578306794596331555688929740817876697538755521287334223755432546007128257576181607766727143343271313992935612053022931469356934093/5000000000000000000000000000000000000000000000000000000000000000000000000000000000000000000000000000000000000000000000000000000000000000000000000000000000000000000000000000000000000000000000000000000000000000000000000000000000000000000000000000000000000000000000000000000000000000000000000000000000000000000000
6393814378359824503182564478153146985343102554885920095312085650958567198517735647896573571846988607394121938739212335163615711472555230052564061597070322904615425888547785515904992472263499633892518944255058878120622097546990741521747269316932374516215478107394828661456525117987681602437037653240931319531287/10000000000000000000000000000000000000000000000000000000000000000000000000000000000000000000000000000000000000000000000000000000000000000000000000000000000000000000000000000000000000000000000000000000000000000000000000000000000000000000000000000000000000000000000000000000000000000000000000000000000000000000000 1773633998431563332794872885294003122436759641806994568831773886067044849897211921277371749740435810386487713228457469069101059838973162917485537071208183305510835399694578292736059460016250553117341216832495610978630190366545786111837544433253255438979594786551151176860495306627964859010484124200650981966501/2000000000000000000000000000000000000000000000000000000000000000000000000000000000000000000000000000000000000000000000000000000000000000000000000000000000000000000000000000000000000000000000000000000000000000000000000000000000000000000000000000000000000000000000000000000000000000000000000000000000000000000000
0 0
0 0
0 0
0 0
0 0
0 0
0 0
0 0
-6108391731178759195797231781195235886225265680146535530192097967442751086092891744512769236559210031841028537312858849515270268810884097465195470220887207447651106618919547291159414994930238046158970802708348854028568787798747552440248502872237735924518457154473040233167193129862143094618737672273456084152017/10000000000000000000000000000000000000000000000000000000000000000000000000000000000000000000000000000000000000000000000000000000000000000000000000000000000000000000000000000000000000000000000000000000000000000000000000000000000000000000000000000000000000000000000000000000000000000000000000000000000000000000000 -1221389690925804867223077410285568362483879916500022396601199900280045622572612691789616601823972887286811716223450243734979142678155511907180744788407036994058749703538212264591261301351394004629441913903864308879110663233303718629775014022231274168124421867611452779913610162486546354620285565116092179595133/5000000000000000000000000000000000000000000000000000000000000000000000000000000000000000000000000000000000000000000000000000000000000000000000000000000000000000000000000000000000000000000000000000000000000000000000000000000000000000000000000000000000000000000000000000000000000000000000000000000000000000000000
-3425149605097072499374778242853181424365141597053668645453007428614598297263550590860563683758131509350679739569048127801334427178830916729058639361477550408169726663418649999692736056857740072206428345088745670474270762292440071651204008554558839471436686012826464725911203443327330484316506277176707930662873/50000000000000000000000000000000000000000000000000000000000000000000000000000000000000000000000000000000000000000000000000000000000000000000000000000000000000000000000000000000000000000000000000000000000000000000000000000000000000000000000000000000000000000000000000000000000000000000000000000000000000000000000 -2641820937592885956369962039072192035809993348204285315296787417328859808592783522195958787786169329135542338637608430544783935616396463192193572231471294835387638877122580756971480267341382956338147191658657353553049678881168421207600900051908822363210969012280725667063171181074606021289555282318440787014399/5000000000000000000000000000000000000000000000000000000000000000000000000000000000000000000000000000000000000000000000000000000000000000000000000000000000000000000000000000000000000000000000000000000000000000000000000000000000000000000000000000000000000000000000000000000000000000000000000000000000000000000000
-9371333932616960151128718593775253576710903514570614309029505824502775297278568095070229862537720479092272420920536439477979898368935117606170137214563821136505074728977214558242924374514707452346886446743120851844967560412360083112567968180809949609465090945125449898533034218138335016506603506558666401308561/10000000000000000000000000000000000000000000000000000000000000000000000000000000000000000000000000000000000000000000000000000000000000000000000000000000000000000000000000000000000000000000000000000000000000000000000000000000000000000000000000000000000000000000000000000000000000000000000000000000000000000000000 -3735624967167237903507693169182989225398381174308306273254740826979259678432366625071568569756081796821877796071746232014056109097032653983557417498647661618484306254664867892211590236187563317861011463514244730881431166787073271799222309459423377508589806374857711277091789280411267612624801451494224685386737/10000000000000000000000000000000000000000000000000000000000000000000000000000000000000000000000000000000000000000000000000000000000000000000000000000000000000000000000000000000000000000000000000000000000000000000000000000000000000000000000000000000000000000000000000000000000000000000000000000000000000000000000
8 8
1 0
0 0
0 0
0 0
0 0
0 0
0 0
0 0
0 0
1 0
0 0
0 0
0 0
0 0
0 0
0 0
0 0
0 0
1 0
0 0
0 0
0 0
0 0
0 0
0 0
0 0
0 0
1 0
0 0
0 0
0 0
0 0
0 0
0 0
0 0
0 0
1 0
0 0
0 0
0 0
0 0
0 0
0 0
0 0
0 0
1 0
0 0
0 0
0 0
0 0
0 0
0 0
0 0
0 0
1 0
0 0
0 0
0 0
0 0
0 0
0 0
0 0
0 0
1 0

8 0

6 0

