24

-3.549318036713668e-01 -3.734722529713275e-02;
-7.765292169399057e-01 3.660824281671967e-01;
3.314645486053515e-01 -5.354681783859356e-01;
-6.603803915626320e-02 -1.719377500005698e-01;
6.651422779981584e-01 -2.000351817176285e-01;
2.321875760178485e+00 -1.419369235229663e+00;
-1.902764653867135e+00 -3.505421680522589e+00;
-2.643367458907764e+00 2.702679091955663e+00;

-2.027158679867664e-01 7.450528929643124e-02;
-5.653064396964645e-01 2.878234810368861e-01;
3.718788305050953e-01 -3.839617816905183e-01;
8.175812143676577e-03 -4.187444141104694e-02;
7.027137249092676e-01 -1.393370570831620e-01;
2.321875760178485e+00 -1.419369235229663e+00;
-1.902764653867135e+00 -3.505421680522589e+00;
-2.643367458907764e+00 2.702679091955663e+00;

-4.579185049372580e-01 8.589560123298665e-02;
1.642192121612494e-01 7.637902789902721e-01;
3.606930564767273e-01 -4.215938130241232e-01;
7.290668381807133e-03 -4.024683696835997e-01;
-2.099727949898689e-01 -1.207577152113460e-01;
2.321875760178485e+00 -1.419369235229663e+00;
-1.902764653867135e+00 -3.505421680522589e+00;
-2.643367458907764e+00 2.702679091955663e+00;

1.204521923488941e-01 9.873602980174899e-02;
1.815513796591678e-01 3.409119758064674e-01;
6.484676328635824e-01 -1.043094591040308e-01;
4.260776816412844e-01 -5.581752684049594e-02;
2.759927882100427e-01 -2.593220498775810e-01;
2.321875760178485e+00 -1.419369235229663e+00;
-1.902764653867135e+00 -3.505421680522589e+00;
-2.643367458907764e+00 2.702679091955663e+00;

-3.057963913336437e-01 1.142542932114921e-01;
-4.836668956261396e-01 -2.142392913465273e-01;
3.322828158968443e-01 -1.715351679137342e-01;
3.024165957410051e-01 -7.033304298120342e-01;
1.709827414597176e-01 8.195747813958466e-02;
3.568973830593303e-01 -1.298210367254327e+00;
-1.549592332505120e+00 8.202151296373488e-01;
5.429995685331489e-01 1.350430182248527e+00;

-1.757850754829000e-01 3.491455036513965e-01;
-2.667882052550281e-01 -9.092370137439638e-02;
3.172999075933960e-01 -1.274463373478553e-03;
1.663350659363513e-01 -4.234742521213949e-01;
3.003685347262081e-01 2.070607745847770e-01;
3.568973830593303e-01 -1.298210367254327e+00;
-1.549592332505120e+00 8.202151296373488e-01;
5.429995685331489e-01 1.350430182248527e+00;

-4.725552588447504e-01 1.213307643621662e-01;
3.474950454391426e-01 3.886314869378469e-01;
1.201797775780113e-01 -4.430922470857373e-01;
3.230855452570546e-01 -1.111726611094729e-01;
-4.798029134422085e-02 -1.678218356030896e-01;
3.568973830593303e-01 -1.298210367254327e+00;
-1.549592332505120e+00 8.202151296373488e-01;
5.429995685331489e-01 1.350430182248527e+00;

-2.234586920793327e-01 -1.846304687838967e-01;
2.690694557928200e-01 2.353575398708908e-01;
4.106492732078750e-01 -5.407232174114012e-01;
6.096953840668814e-01 -5.660955584274609e-02;
1.177343522871159e-01 -4.349103386540695e-01;
3.568973830593303e-01 -1.298210367254327e+00;
-1.549592332505120e+00 8.202151296373488e-01;
5.429995685331489e-01 1.350430182248527e+00;

-4.319835962766547e-01 8.537963121202451e-02;
-2.009400356140240e-01 2.316927334267848e-01;
7.814487831205942e-02 -3.225386696234367e-01;
5.195382772177723e-01 -2.250607620367275e-01;
1.801406807867215e-01 -3.801030276887006e-01;
1.546051718052708e+00 -1.023352733571975e+00;
-1.531000749501591e+00 -1.243068130729559e+00;
-2.739846359118506e-01 1.122376666170425e+00;

-4.507089234731875e-01 2.604138977869674e-01;
-2.769660223974289e-02 3.537145831423705e-01;
-2.735372260826399e-02 -2.133457484972941e-01;
4.667276412055713e-01 -1.124071894744608e-01;
1.356559985573685e-01 -3.237666690731517e-01;
1.546051718052708e+00 -1.023352733571975e+00;
-1.531000749501591e+00 -1.243068130729559e+00;
-2.739846359118506e-01 1.122376666170425e+00;

-4.477721607062669e-01 1.174808082251390e-01;
7.549643696490552e-02 4.135609228058564e-01;
1.898370432326865e-01 -3.013156747827867e-01;
3.787119579641495e-01 -3.866628910854654e-01;
-1.293068698479203e-01 -2.424122697173667e-01;
1.546051718052708e+00 -1.023352733571975e+00;
-1.531000749501591e+00 -1.243068130729559e+00;
-2.739846359118506e-01 1.122376666170425e+00;

-2.826481438350166e-01 2.092393756124174e-01;
1.479304406971750e-01 2.167721970926488e-01;
1.853760166872125e-01 -1.578528602737070e-01;
5.247065040823530e-01 -1.970103296814174e-01;
5.585291876110141e-02 -2.328947024080625e-01;
1.546051718052708e+00 -1.023352733571975e+00;
-1.531000749501591e+00 -1.243068130729559e+00;
-2.739846359118506e-01 1.122376666170425e+00;

-7.454013481423536e+00 -1.285719320627178e+01;
-1.962075102421991e+01 1.644553100993518e+01;
6.180946000541002e+00 -1.368426764620811e+00;
-5.932180549044404e+00 -9.750987568366265e+00;
1.441916995084366e+01 -5.718815040718901e+00;
5.032459905007209e-01 -3.872856909081329e-01;
4.517334910327379e-01 4.577246599916322e-01;
-2.333710913617491e-01 -7.386274189413990e-02;

8.243462974507236e-02 7.542304946870129e-02;
-1.015303877666022e-01 9.549344440053537e-01;
9.811264678023885e-01 2.790371004609780e-01;
-2.369848749363425e-03 2.540875997448593e-01;
1.566103244388398e+00 -3.908911507169344e-01;
5.032459905007209e-01 -3.872856909081329e-01;
4.517334910327379e-01 4.577246599916322e-01;
-2.333710913617491e-01 -7.386274189413990e-02;

4.546149161241010e-02 3.128027813734264e-01;
6.778529755042509e-02 -2.234174247416474e-01;
1.695308733427627e-01 -3.319182658662047e-01;
3.551617626660466e-01 -1.028978261072920e-01;
-1.948440196721412e-01 2.372369094009309e-01;
5.032459905007209e-01 -3.872856909081329e-01;
4.517334910327379e-01 4.577246599916322e-01;
-2.333710913617491e-01 -7.386274189413990e-02;

-9.144026574177637e-02 7.288064922218257e-02;
-2.581702600105300e-01 -3.529948741328068e-01;
8.019992054420810e-02 -6.220656098802488e-01;
4.260669339993488e-01 -4.304301249364729e-01;
-5.330062892337160e-01 2.215933200686884e-01;
5.032459905007209e-01 -3.872856909081329e-01;
4.517334910327379e-01 4.577246599916322e-01;
-2.333710913617491e-01 -7.386274189413990e-02;

-4.996802156390624e-02 5.121047735191473e-01;
3.088829205456183e-02 -3.242353404760958e-01;
8.065811770876471e-02 -4.995039858728956e-01;
1.859184593499827e-01 2.385918954578603e-01;
7.556397702933144e-02 3.720014961024778e-02;
1.134190753298611e+00 -4.144907665890311e-01;
-3.341369536037150e-01 2.771219677210942e-01;
8.326815651582858e-01 -1.011140472388550e+00;

-3.866826144440045e-01 -1.250539593127890e-02;
-6.627924182553325e-01 -2.837702492980569e-01;
1.791527876955741e-01 -9.969851737343117e-01;
1.046839384757674e-01 -2.299090419008009e-01;
6.861409618837991e-02 -2.384586591313103e-01;
1.134190753298611e+00 -4.144907665890311e-01;
-3.341369536037150e-01 2.771219677210942e-01;
8.326815651582858e-01 -1.011140472388550e+00;

-1.886763587505028e-01 3.200960526608072e-01;
2.884582807999662e-01 1.348945618031133e-01;
2.256864401574435e-01 -4.017119387556235e-01;
1.667594787714358e-01 -1.522717663535570e-01;
-2.673048279034224e-01 1.036045116493766e-01;
1.134190753298611e+00 -4.144907665890311e-01;
-3.341369536037150e-01 2.771219677210942e-01;
8.326815651582858e-01 -1.011140472388550e+00;

1.184152349396075e-02 7.214491105166321e-02;
-4.127126068185979e-03 -4.729244516513358e-02;
3.850010606015959e-01 -4.088634207945566e-01;
4.493074333322501e-01 -2.506702605115677e-01;
-1.746310734332679e-01 -5.935551365307883e-02;
1.134190753298611e+00 -4.144907665890311e-01;
-3.341369536037150e-01 2.771219677210942e-01;
8.326815651582858e-01 -1.011140472388550e+00;

-6.871835221039198e-01 5.110544842537317e-01;
3.186837472449359e-01 2.809571118857924e-01;
2.252660046190972e-01 -3.658586970345890e-01;
5.017748535614475e-02 -3.822523636867968e-01;
-1.920953083782879e-01 -3.596037520859375e-01;
5.837101439684362e-01 -1.986466706291233e-02;
4.773608969508554e-01 -2.184215543969135e-02;
4.255527977176174e-01 4.558174985305584e-01;

-2.862831922445551e-01 2.340847275284636e-01;
1.795051530215254e-01 -1.390204757125127e-01;
4.498747512074072e-01 -2.764881133899643e-01;
4.496990205881300e-01 -3.378685200824166e-01;
7.365992835952163e-02 -3.413833977669024e-01;
5.837101439684362e-01 -1.986466706291233e-02;
4.773608969508554e-01 -2.184215543969135e-02;
4.255527977176174e-01 4.558174985305584e-01;

-1.601262591557929e-01 1.353828148771810e-01;
9.116902470673596e-02 1.066462723427642e-01;
1.659539727363516e-01 -3.916209725816792e-01;
3.418145727276563e-01 -1.122344986201049e-01;
-5.742740877072413e-02 7.598730860840198e-02;
5.837101439684362e-01 -1.986466706291233e-02;
4.773608969508554e-01 -2.184215543969135e-02;
4.255527977176174e-01 4.558174985305584e-01;

-9.345539628402108e-02 -8.554834681594155e-02;
-1.429364364870194e-01 6.392931262293443e-02;
2.224270319618006e-01 -5.016914114267432e-01;
4.250603048973126e-01 -2.023969082486385e-01;
-5.400471364540179e-02 5.816927456694214e-02;
5.837101439684362e-01 -1.986466706291233e-02;
4.773608969508554e-01 -2.184215543969135e-02;
4.255527977176174e-01 4.558174985305584e-01;

