0
6.695779995048423e-02 3.918926581704618e-02
7.206756001408708e-02 7.000641904124812e-03
-2.182284894300936e-01 -4.022890366700357e-01
-2.288957437150949e-01 -3.948662618361696e-01
-1.660119342781056e-01 -1.274245533065369e+00
2.792148786988609e-04 3.772775485634102e-05

1
7.751792490448998e-01 -2.511805456993081e-01
1.991698637590285e-01 3.309741470378061e-01
1.764448317469727e-01 -2.851321713140126e-02
-2.543360069730696e-01 -3.150410235086963e-01
-2.095021070985590e-02 -1.045373653397174e+00
2.121892472587272e-01 1.146622305412552e-01

2
4.665503466586980e-01 -1.706704023424811e-01
9.686024568344961e-02 -3.171663087221703e-01
-4.847788015883409e-02 -9.078373963589487e-02
1.000000559590380e-01 -3.738028762752870e-01
1.682762134625078e-02 -1.171128248528175e+00
1.869150971885477e-01 6.841771300015299e-04

3
-5.364147264373209e-01 1.246625305204791e-01
3.669322403415960e-01 4.881398388831033e-01
-3.088955383346177e-01 -4.821962459346216e-01
-5.658669708871530e-01 -8.109587791495005e-01
2.588991360851645e-02 -1.219082940435281e+00
1.731306909850280e-01 -4.046007833187636e-02

4
3.630111408252475e-01 -2.143259565214375e-01
-4.590434025967182e-01 -8.795420404955026e-01
9.147787711357588e-01 -2.354782561304277e-01
-6.399844297579993e-01 -8.474842024965977e-01
-1.666630456608595e-01 -1.273797605073173e+00
-3.157764354982525e-05 6.679338721456518e-04

5
-2.350816019432361e-01 1.515002117656206e-01
-1.927757856666344e-01 -5.164307500183616e-01
-9.601536412774622e-02 -3.795014899738703e-01
-2.549715181592286e-01 -7.597577876296768e-01
-1.597567619833380e-01 -1.268495471826997e+00
7.628921121516568e-03 1.784229783833791e-03

6
8.216152894417627e-01 4.694995008029902e-01
5.665525032423103e-01 -2.536340378379145e-01
-2.374998594642709e-02 -1.666086764937689e-01
-6.283740739250576e-01 2.963451274985400e-01
-1.228245004797966e-01 -9.971727058022180e-01
1.540630233920821e-01 1.962856414391741e-01

7
1.480143302647693e-03 1.014566857557683e-01
-1.254129338509436e-01 1.961314460521847e-01
-2.531587916087678e-01 -4.071441472878921e-01
-3.027088782571787e-01 -5.364676274287654e-01
-1.657640729076078e-01 -1.274237348841998e+00
4.750956874169157e-04 -6.351400022693936e-05

8
8.034671716148807e-02 -3.082543789243901e-02
2.248159898959049e-02 -1.058185928949851e-01
-1.361892718027898e-01 -3.523796320847705e-01
-1.737562135999518e-01 -4.786113149816951e-01
-1.663920626814000e-01 -1.274203656064244e+00
2.432092687019030e-06 2.352293647331256e-04

9
-1.960123657093832e-01 -1.513392844337047e-01
2.729017673652177e-01 -4.860297919036482e-01
-3.509791776653245e-01 -2.947081467255969e-01
2.576567257051481e-01 -5.747383483462484e-01
-1.654495574521853e-01 -1.274069278634995e+00
7.921004969615948e-04 -6.962550847173271e-05

10
8.277167050601142e-01 -1.373583492954349e+00
8.126642031704433e-01 1.116324772390933e-01
9.193329724292001e-03 -1.861187706635993e-01
9.286672231843910e-01 8.525720183081367e-02
-3.355595545344434e-01 -1.185873495001938e+00
-9.292059915348766e-02 1.422077357485954e-01

11
4.696269766653185e-01 -3.500118817251664e-01
-4.807226184156172e-02 -2.528534003498967e-01
1.138182433894505e-01 -2.191089878683174e-01
4.874211079840479e-02 -3.943138974938000e-01
-2.076404936728364e-01 -1.203931193574546e+00
-1.500259560730408e-03 7.266841513781913e-02

12
3.917302268754522e-01 3.057097010584856e-01
1.999158847592231e-01 1.112767010080359e-01
-2.466286825151013e-01 -1.723468309757848e-01
-3.761872396761830e-01 -2.430271076676014e-01
-3.088044796274813e-01 -8.550030394457000e-01
7.146512494047937e-02 3.873329525878070e-01

13
3.505924250467018e-01 2.508002080106140e-01
1.084093083180360e+00 -1.950310327942837e-01
7.695333589757974e-02 -5.397427954662813e-01
-8.527807325707505e-01 3.497368656792045e-01
-1.677098454004118e-01 -1.274823985447215e+00
-1.289376393409607e-03 3.259109551736133e-04

14
-2.755118521256447e-01 -3.044307389133271e-01
5.937978181572673e-01 -7.672509350938774e-01
-3.723503137836004e-01 -2.264820488027190e-01
4.992427367017114e-01 -5.666465676026315e-01
-1.671772976445889e-01 -1.275423621092555e+00
-1.136437041417545e-03 -3.705463995269694e-04

15
2.277389034347208e-01 2.810603907027892e-01
3.302626479114427e-01 -8.388612595064369e-01
-6.738597854700387e-01 -2.386874839461292e-01
3.876881891097484e-01 5.067211553175308e-02
-1.651889408897220e-01 -1.274958900253284e+00
6.081568105517328e-04 -8.730570541536048e-04

16
4.213923776250591e-01 7.422857668629566e-01
-1.465729541937234e-01 7.099887612125658e-02
-4.398511732309923e-01 -1.842487080580081e-01
-5.220823861400091e-01 -1.859371184946560e-01
3.481608700997996e-02 -7.065558895971205e-01
4.025360353970118e-01 3.533608989730316e-01

17
8.055649091516927e-01 -1.096797616564730e+00
7.753969546633971e-01 -9.994346007300209e-02
-3.268446032067757e-02 7.877917280837868e-02
8.997530740147427e-01 -1.380694811291653e-01
-4.175329710458232e-01 -1.449176906105849e+00
-2.708233503526694e-01 -2.651947095321406e-02

18
-4.644851992805639e-01 -2.875450958068850e-01
1.173054403831761e+00 -1.806783775042098e-01
-1.464794670218960e-01 -8.112440230893527e-01
-3.448672395511351e-01 -1.016311824901663e-01
-1.676111687793077e-01 -1.274649627417591e+00
-1.137122422992352e-03 4.183703690547305e-04

19
-2.016312073652738e+00 6.173281991734514e+00
-8.582363584116958e+00 -1.073288034109465e+01
8.880527742065869e+00 -2.055406407757506e+00
-1.117603152238367e+01 -5.118258921551034e+00
-1.654605066734584e-01 -1.275055789983285e+00
3.553770311509737e-04 -8.303567170501836e-04

20
3.699896920405588e-01 -1.641159517669036e-02
4.842652117947049e-01 1.016631835398403e+00
2.274056315277659e-01 6.337545484898700e-01
-6.240369551218825e-01 -1.397184199882900e+00
-1.889715928436839e-01 -1.271883290402482e+00
-1.651093758012534e-02 1.183709965683339e-02

21
3.518683165691607e-01 -5.184119277772912e-01
-1.525100795756680e+00 1.406629968540459e-02
-1.071379924113880e-02 -1.094746064237833e+00
1.047000166587990e-01 -1.652952838363834e-01
-1.655033899740823e-01 -1.274275303780323e+00
6.608971884210874e-04 -2.061230830385973e-04

22
1.801598527744708e-01 1.811112983795966e-01
5.022873120259493e-01 7.713589437330606e-02
-8.596868790361407e-02 -3.915961927023708e-01
-5.831440917776334e-01 -1.797298363738996e-01
-1.652727527306474e-01 -1.274015420771971e+00
9.526709883625093e-04 -1.045823204255219e-04

23
1.239423539147634e+00 -5.756929947926692e-01
2.521579717251048e-02 -1.748694469481402e-01
4.017909082739522e-01 2.312456069188620e-01
2.164645471056476e-01 -2.618569868121244e-01
-1.117000724635959e-01 -1.243782169814362e+00
5.564615269698948e-02 9.995863596670182e-05

24
1.147001720679318e+00 -6.688506148101472e-01
-1.135426861511156e+00 -8.426781467789227e-01
-1.877608871807021e+00 -1.133611540505692e+00
2.572355681721927e+00 1.691134144931069e+00
-1.446033396674971e-01 -1.281038140023870e+00
1.394267427498504e-02 -1.452609811701922e-02

25
2.240430531456931e-01 -1.906794443247034e-01
8.738338462465560e-02 3.022896036647745e-01
-1.097273693097829e-01 -2.829446603792886e-01
-1.647760474305087e-01 -4.893649160491124e-01
-3.236263528940556e-01 -1.407264379687315e+00
-1.797629549859013e-01 -3.476064979099257e-02

26
1.164321094691491e+00 -2.828194812678425e-01
7.582132186986419e-01 -4.252639179312302e-02
-8.459674764104200e-02 4.830502848080179e-01
3.680812682436308e-01 -9.838417588639618e-02
-1.737069864447370e-01 -1.248895128082536e+00
5.312404219506139e-03 2.304867802470135e-02

27
1.517971483357427e-01 -2.467848750175143e-02
-4.739859547107297e-02 -3.838317130674257e-01
-6.228431190959630e-02 -2.421469473045609e-01
-8.396250845483817e-02 -5.361114890031090e-01
-1.644522891486353e-01 -1.269450688182228e+00
3.570781189833629e-03 3.081275717685422e-03

28
4.801620972545134e-02 -5.666253125760048e-01
3.595849744202410e-02 4.950327676108434e-02
3.976763953085097e-02 -4.703010478180115e-01
4.307726175249106e-02 -5.543502173265148e-01
-1.109296884959251e-01 -1.300399892386828e+00
3.166716438207711e-02 -4.416700757837783e-02

29
7.736430457815312e-01 -6.505622612573569e-02
-4.690660934454798e-02 2.247780753515128e-02
3.711511897723764e-02 -1.375092200572137e-01
-1.743924350283039e-01 -1.603544645448440e-01
-3.479310120033832e-02 -1.273150402407321e+00
1.025739246197459e-01 -5.607231717893706e-02

30
-2.351541217575324e-02 -1.402187030606360e-01
2.292592242076445e-01 4.937234510221205e-01
-1.409992943713477e-01 -2.902572247292156e-01
-3.147110174274111e-01 -6.782670176079663e-01
-1.631838328353953e-01 -1.276840327337830e+00
1.347326852739580e-03 -3.203334051293630e-03

31
-4.983001628434340e-02 -1.114124950511113e-01
1.857342917623147e-01 2.956187772287474e-01
-1.447697302431533e-01 -4.066347145855006e-01
-3.079220014979381e-01 -5.592341115750800e-01
-1.661683750359832e-01 -1.274031497579434e+00
2.507336585991762e-04 2.717169300316229e-04

32
5.207619640078509e-02 1.727936271301966e-01
3.447679885672583e-01 3.837609508440810e-01
-2.130208749386878e-01 -2.381135471321603e-01
-4.860217853645001e-01 -5.242186237357223e-01
-1.619443149752340e-01 -1.270494856430636e+00
5.063589992502274e-03 1.182384786436173e-03

33
5.104379401312775e-01 4.612244314015055e-01
-3.614991361063095e-01 -3.791640010575877e-01
-2.751926329812488e-02 -6.784912610080472e-02
-4.165948049155042e-01 -4.407388301216153e-01
-1.389458188809247e-01 -1.576345638712291e+00
-1.098552158841929e-01 -2.461259609607105e-01

34
-8.264726677725037e-02 1.608189965130993e-02
3.687776714925277e-01 -3.544104148243846e-01
-2.398381043360895e-01 -3.748900826188654e-01
-1.047222669765293e-01 -3.891420904705938e-01
-1.664970479439157e-01 -1.274230975976004e+00
-9.089038333685958e-05 2.596027384557941e-04

35
1.389171840716312e-01 6.815590081786023e-02
-1.035376957528951e-01 6.796654439944753e-01
-6.502646012371949e-01 -8.036039725301490e-02
1.148383001156204e-01 -6.590285083341672e-01
-1.662717821271544e-01 -1.274479567651452e+00
-2.400455792264913e-05 -3.107609329374016e-05

36
3.941061422060802e-01 1.792439660935980e-01
1.439039979013368e-02 -3.903859115065526e-02
-2.026975405491728e-01 -2.278311512715556e-01
-2.349960337650106e-01 -2.640422212618982e-01
-6.660751899497077e-01 -1.235146697838311e+00
-3.707730455647525e-01 2.474452506761051e-01

37
9.490132586093436e-01 -3.092300303484004e-01
-1.309174867459532e-01 9.710517208759295e-02
-3.721629233898985e-01 -2.673936295749221e-01
4.480842542405208e-01 2.377603576138390e-01
-2.734620904717794e-01 -1.338981065736595e+00
-1.111973668841459e-01 -3.551604652504430e-03

38
4.527698812835042e-02 9.337544065466244e-02
1.627141027462900e-01 1.838322298023223e-01
-2.322506324332014e-01 -3.329376999018213e-01
-3.230691697370738e-01 -4.702228602407585e-01
-1.675090389457941e-01 -1.275339528919268e+00
-1.357348954723171e-03 -1.612919004596265e-04

39
8.566433935007176e-01 -2.125534326061533e-01
-1.167803561448919e-01 -8.506346836973754e-02
-6.229077630595269e-01 -8.342268043131636e-02
7.496919218746808e-01 1.085040787033577e-01
-2.398961560247757e-01 -1.340882818633145e+00
-8.597737767049107e-02 -1.959765905350290e-02

40
1.350600309753203e-02 -9.154086525100558e-02
-2.938714791452648e-01 1.961057228678202e-01
-1.863947945133272e-01 -4.717163058480242e-01
-1.839326194088919e-01 -5.758474247326731e-01
-1.660041806840480e-01 -1.274286659075257e+00
2.673791993803493e-04 2.450302440423218e-06

41
-2.652202383269842e-01 -7.055076057352992e-02
-5.459598439750776e-03 1.975880579962231e+00
-1.085133057315466e+00 1.436760667988542e-01
2.329435221503713e-01 -1.301116385956898e+00
-1.663598635388664e-01 -1.274311636631358e+00
-1.945544858575318e-05 1.374646911210957e-04

42
-4.260907018601311e-02 -9.229640730320834e-05
1.385919383358289e-01 2.124041652179049e-02
-1.828348035491492e-01 -3.901386895197003e-01
-2.549395546307491e-01 -5.106476988442442e-01
-1.663197049685370e-01 -1.274382660841463e+00
-1.912475552889876e-05 6.492127588286963e-05

43
1.181458793155009e+00 -3.559696044753973e-01
4.935278248509379e-02 2.820221778947516e-01
-1.756960090069020e-01 -3.855509162424828e-02
3.136267809034191e-01 1.708505603269693e-01
-2.888244838165523e-01 -1.256562868558442e+00
-8.734151993881240e-02 6.706939274449154e-02

44
6.511565991063929e-01 -2.355486001222032e-01
2.840852579176926e-01 -1.745411015761088e-01
-3.978102776943598e-01 1.575383544852504e-01
5.741680887025523e-01 -2.728221789561643e-01
-2.353531813244214e-01 -1.044490295618871e+00
4.620658328731571e-02 2.084162714675267e-01

45
2.720615928241412e-01 8.639979091327694e-01
-1.825797695446516e-01 -1.770434050544691e-01
-4.449897257732249e-01 -1.789247335621919e-01
-5.521797869843048e-01 -2.891134708672555e-01
-3.951413756399101e-01 -9.263069177175076e-01
-2.647981440114545e-02 3.694820095813103e-01

46
2.869295105553246e-01 7.031731613421044e-04
2.950915229968160e-01 -4.033080344130539e-01
-6.858227885219960e-01 -4.698736059749093e-01
4.225586592190441e-01 2.313569967090460e-01
-1.667742055705753e-01 -1.273518267403115e+00
3.423379628533424e-06 9.329386881327514e-04

47
2.754251807474182e-02 -4.477813467208227e-02
3.223475991026499e-01 -3.296571730384208e-01
-2.006478543513109e-01 -3.326778003080306e-01
-5.601002747146352e-02 -3.738556028409506e-01
-1.664229910029895e-01 -1.274217700717167e+00
-2.766329653937681e-05 2.377568540844153e-04

48
6.720945400239138e-01 -4.470410329581793e-01
-1.370034684598971e-01 -3.001901918599290e-01
2.353309875765641e-01 -1.659402631403249e-01
9.767876390747106e-02 -3.450654596699154e-01
-1.387104120002425e-01 -1.232262021305960e+00
3.968815947810486e-02 2.076374322340453e-02

49
-1.146509838005730e-01 8.406412636780158e-03
1.966517286564095e-01 -2.755062664365410e-01
-3.027724018233027e-01 -4.325377419238555e-01
-6.103145056673118e-02 -4.129425867485169e-01
-1.659415149806023e-01 -1.274571829602233e+00
1.922171259360542e-04 -2.460300312445276e-04

50
1.535877353383062e+00 1.836830344751032e-01
-2.448937703496131e-02 -2.806002270439019e-02
1.276906132850530e+00 1.885808669240787e-01
-1.462217703317756e+00 -2.328857082817692e-01
-3.679488242419853e-02 -1.415451764007079e+00
3.925009625040710e-02 -1.656222060415588e-01

51
4.670421261734196e-01 2.659026715055229e-01
3.187699392350894e-02 -5.811667081158761e-01
-9.797046994732776e-02 5.421968774747333e-01
1.059930159756478e-01 -9.392476589971931e-01
-1.173107440898943e-02 -1.353467672882025e+00
8.560458861160558e-02 -1.284053761400359e-01

52
1.105707811490761e+00 -7.864524557337392e-02
1.432956603183837e-01 1.088478871257375e-01
-2.509570298240194e-01 1.661782782665906e-02
1.880314000085911e-01 1.742610762498228e-01
-1.038990860044628e-01 -1.125914621087204e+00
1.128635848433299e-01 8.817308159397995e-02

53
-2.262611855997325e-01 -2.793431015133160e-01
6.281942100988693e-01 -1.278850048299615e-01
-1.958780803441140e-01 -8.518677991690156e-01
-2.141025386531701e-01 -2.374913615200111e-02
-1.658574870385758e-01 -1.273860501335735e+00
5.661938815278437e-04 2.694504981295654e-04

54
9.825878623680302e-01 -1.623123286602796e-01
1.228611463699041e-01 1.847100828124092e-01
-4.617331849975364e-01 -3.953965504048388e-02
4.246246667674091e-01 1.703066486437736e-01
-1.403529589179592e-01 -1.237400314462229e+00
3.618318055508216e-02 1.748968258992040e-02

55
2.909498804967856e-01 -4.011343413234837e-01
-3.430332700929024e-01 2.673517061616839e-01
-2.351210624906715e-01 -5.069841786190729e-01
1.712185871011235e-01 -3.243328460135677e-01
-1.662405251806756e-01 -1.276106623230235e+00
-7.060272274085596e-04 -1.307158946442384e-03

56
3.040996912055469e-01 1.508334223870564e-01
1.160808045488843e-01 -6.908274121834519e-01
-8.195302833707496e-02 4.525112151112120e-01
1.679552559250853e-01 -9.744944025116814e-01
-1.816561760574491e-01 -1.292017997688817e+00
-1.957466160629482e-02 -6.961933730323906e-03

57
1.121926228503487e+00 2.927114266304634e-01
-8.203670879070811e-02 -6.555051792854719e-02
6.857536167850622e-03 -5.493883114523769e-02
-3.655222485149541e-01 1.526352609851520e-01
-2.794969952121939e-01 -1.345889717203864e+00
-1.188790802443272e-01 -6.292729780254036e-03

58
4.627714581642490e-01 -5.801339346663538e-01
-2.681924560476668e-01 5.297269824404724e-01
-1.216013369618498e-01 -1.647579134911418e-01
2.785433778712592e-01 -6.061129126966052e-01
-1.675303993260436e-01 -1.312569023102747e+00
-1.753459918544256e-02 -2.904026817113674e-02

59
3.601191652063800e-01 3.457108650895022e-01
1.421093625377627e-01 -6.407587692647013e-01
-2.131306619843205e-01 9.163650857400090e-01
2.956327018787960e-01 -1.325380294660701e+00
-1.508947361798882e-01 -1.252267118660644e+00
2.154986111821960e-02 1.052977899803716e-02

60
7.529609441881521e-01 -4.092421353294961e-03
7.380397029624285e-02 2.079785741405893e-02
-7.584909165647151e-02 -6.779507944699648e-02
-1.075459273682220e-01 -1.518312886219589e-01
5.719730726901157e-02 -1.888456897055235e+00
-9.313990548634446e-02 -5.734511980648407e-01

61
1.059606157475567e+00 -6.876993842619347e-02
-3.568443946904108e-01 7.725705386187051e-02
-3.238720126371311e-01 4.408217353727171e-01
5.207504904875061e-01 -4.706546412193365e-01
-1.275291651135281e-01 -1.062431404939519e+00
1.220847702429852e-01 1.476903275855758e-01

62
6.072205552948403e-01 -1.786986626979617e-01
-2.777931523080407e-01 3.800905562184410e-01
-5.832380293041964e-01 -2.781219361243392e-01
4.086630731624596e-01 -7.776854169813252e-02
-1.628931861125634e-01 -1.274228332446382e+00
2.706675886009871e-03 -1.302719726833762e-03

63
7.623701637887259e-01 2.068457512037779e-01
2.633948069719978e-01 8.384599587872018e-01
5.341619074670104e-01 1.340360893446980e+00
-7.087448986627390e-01 -1.913754008363192e+00
-1.484675297895141e-01 -1.274980711254577e+00
1.357367805119530e-02 -8.148454919320720e-03

64
9.036543403117602e-01 7.083063867913815e-01
-1.845347446672240e+00 7.305841493409232e-01
-2.994448627241821e-02 -2.164930672145690e+00
-1.648363346207558e+00 1.432077969618869e+00
-1.668842844712092e-01 -1.273682840372593e+00
-1.534306721099830e-04 8.530215287107873e-04

65
8.618817748385651e-01 -7.350456692721133e-02
-5.193682855019516e-02 1.437710044524271e-01
-3.826986666646253e-01 3.634483978771753e-01
4.514272469146111e-01 -4.509580180735216e-01
1.862757652224064e-01 -1.049501003619091e+00
3.711947572085099e-01 2.150642023573930e-02

66
1.050969294627930e+00 1.528955112080644e+00
-7.176355705462912e-01 7.650599948657685e-02
-1.049285676833229e+00 3.598918914249102e+00
1.117222539342525e+00 -3.416695882707151e+00
-1.693854339324482e-01 -1.274705182920156e+00
-2.537980214449590e-03 1.145439674085539e-03

67
-6.093930671223490e-02 -6.500610005060012e-04
5.893021093153748e-02 -4.821237617298492e-02
-2.198561355494787e-01 -4.627088755981099e-01
-2.084916072495729e-01 -4.554278743188591e-01
-1.661509977738338e-01 -1.274458797183282e+00
7.873423262759776e-05 -6.738962212905311e-05

68
-9.552033737088800e-01 1.273086434527819e+00
3.608673031269415e+00 2.403302126717044e+00
2.405854820666736e+00 1.306095049130350e+00
-5.115175806980993e+00 -3.151028213703269e+00
-1.828758186516271e-01 -1.271930088864151e+00
-1.180123232139853e-02 9.154716852179931e-03

69
6.775656611893259e-01 7.716265878986259e-02
2.605801098440514e-01 2.806333379597661e-01
-5.803695824106049e-02 5.200954749532555e-02
-2.954639733479334e-01 -3.187803070697837e-01
-8.209682841394301e-01 -9.762712276307809e-01
-3.785890981379171e-01 5.155562247831792e-01

70
7.467658249089246e-01 -9.312395429027320e-02
1.664106513601643e-02 5.601143883118330e-01
-1.051365422485452e-01 5.584543228561027e-01
7.312809147848133e-02 -9.288208473991392e-01
-6.375139338587831e-01 -2.352855345979866e+00
-8.337887976908224e-01 -6.322393925000974e-01

71
5.642532550857863e-01 -9.261845357340343e-02
1.437680339359840e-01 -4.359267880792501e-01
-7.757318684001258e-01 -6.777059502672133e-01
5.969580896845055e-01 6.900598009027122e-01
-1.663544346750930e-01 -1.275063439868644e+00
-3.415876223781396e-04 -4.482540590657335e-04

72
-1.847670624625048e-03 -5.559933087691799e-02
-1.422902630310847e-01 3.028049612060041e-03
-1.800583176631753e-01 -5.035077394770464e-01
-1.922281878174839e-01 -4.649323047865919e-01
-1.664246850121005e-01 -1.274473477878937e+00
-1.400061793239181e-04 4.002175119915859e-05

73
1.743077512247499e+00 6.719544981049078e-01
2.519949965839781e+00 1.539037848910287e+00
-1.165146103607987e+00 1.783644463696313e+00
3.108922935808881e-01 8.347941012557399e-02
-1.666254647878241e-01 -1.270883111575001e+00
1.262714172809530e-03 2.913123654773063e-03

74
1.005894784546465e-01 -2.127217899997855e-02
2.440878297621856e-03 -2.156950083506035e-01
-1.540080588741319e-01 -3.467752826853288e-01
-1.138205563655976e-01 -4.456039686321044e-01
-1.659278511474085e-01 -1.274700728325898e+00
1.468668924328222e-04 -3.519803057641464e-04

75
8.472178270390028e-01 5.136970087101411e-01
-5.343520795551882e-01 5.121942406470582e-01
2.411365963328339e-01 1.797560135260470e+00
-2.371055591519647e-01 -2.398429358160347e+00
-1.629681852727996e-01 -1.272767422982336e+00
3.282635620918883e-03 -1.365703176310119e-04

76
6.619379449515047e-01 -2.935408824187757e-01
2.164140296701354e-01 -6.659031193214145e-01
-9.616901119774980e-01 -5.952851846912244e-01
1.110333197134796e+00 8.129648601386832e-01
-1.657262479185610e-01 -1.273597891331517e+00
7.820233891762128e-04 4.162542706744333e-04

77
1.310830214184859e+00 2.068072633303871e-01
3.577747623878976e-01 -4.675713634681309e-01
3.349543702836426e-01 -1.963743668119322e-01
-5.803862634545789e-01 5.697569908760822e-01
-5.747303363412327e-01 -1.166031109039477e+00
-2.698920768934190e-01 2.614243218939026e-01

78
1.091516572384220e+00 -2.760808007744704e-01
2.838790941574991e-01 3.455155234844429e-01
-3.433201545959599e-01 1.858320630852375e-01
4.307872133383835e-01 7.652789428053680e-03
-1.648232751091030e-01 -1.333299279328672e+00
-2.443264803906688e-02 -4.630103849683998e-02

79
-1.161407704461683e-01 1.245810315129952e-01
-1.272941914906473e-01 -2.733910203290062e-01
-1.708524422435009e-01 -4.224847228232935e-01
-2.550916326737458e-01 -5.876489473699901e-01
-1.696609702913714e-01 -1.274642887972048e+00
-2.724741665109236e-03 1.313383015667145e-03

80
1.060872672816009e-01 -5.148481811057126e-02
-6.764223879486485e-02 -2.311202244293596e-01
-8.505924818655530e-02 -3.530799871011673e-01
-1.415878713710534e-01 -4.907703914726411e-01
-1.675151363673387e-01 -1.275192484698053e+00
-1.298250914788258e-03 -4.454606382595400e-05

81
-3.630967694976179e-01 4.556890974307254e-01
-3.001304482892967e-01 -4.201794361389959e-01
-2.507387008543345e-01 -4.669597119833737e-01
-4.588758814495227e-01 -7.412985785085824e-01
-1.108910333862192e-01 -1.591198438849362e+00
-9.453343027871269e-02 -2.698290944041285e-01

82
-5.560097199015261e-01 -8.719373326223950e-01
1.221498829828431e+00 -9.184020915485807e-01
-8.557157649815031e-01 5.100400805745123e-01
1.777209713050859e+00 -1.226115292929300e+00
-1.572386664236705e-01 -1.292329075241314e+00
-7.629136487488431e-04 -1.780253061125338e-02

83
-2.186947678844389e-02 6.632516384407341e-02
2.272545005351296e-01 -3.625160024816845e-01
-3.941984694168353e-01 -3.448568175628193e-01
5.689923349819440e-02 -3.433980127642211e-01
-1.660040790893558e-01 -1.274471869727554e+00
1.870613103512174e-04 -1.413081152755512e-04

84
2.015408169558396e-02 5.455334809278525e-02
9.188424184823009e-02 6.730079252043532e-02
-2.022549453519322e-01 -3.647807793736084e-01
-2.777340960812306e-01 -4.865151020483527e-01
-1.662764902363824e-01 -1.274562247079251e+00
-6.354751909747478e-05 -9.318753680875728e-05

85
7.041088130833730e-01 -1.078147899924450e-01
1.515558251521886e-01 -2.217838894447231e-01
-3.873479768759607e-01 -8.325352683233285e-02
3.869248488871110e-01 2.583232890185460e-03
-2.012432235433886e-01 -1.181959700581929e+00
1.300114885365832e-02 8.694026471135455e-02

86
3.415138610567792e-01 -2.092846318399644e-02
-1.070838118778048e-01 -1.044023988479227e+00
4.705194457820884e-01 8.585181792180634e-02
-2.237359419802962e-01 -8.329172085333867e-01
-1.655410943285488e-01 -1.275044731692585e+00
2.976452032128717e-04 -7.867943308723523e-04

87
1.850716554287864e-02 5.911243642982836e-02
-8.981359888740842e-02 -2.755044323701696e-03
-2.274254455388137e-01 -4.529187392887470e-01
-2.356835917280470e-01 -4.418411333257341e-01
-1.664153282098064e-01 -1.274439422652576e+00
-1.179629817456892e-04 6.238529954246026e-05

88
-4.005986190663992e-01 -1.459492169060293e-01
-8.674536038278582e-01 2.617808544742625e-01
-4.142494607382667e-01 -1.244453795434512e+00
-2.009965242569956e-01 -3.042810282426162e-01
-1.657660618269522e-01 -1.274368197805767e+00
4.167531258569475e-04 -1.641829772113449e-04

89
-1.188214401494608e-01 2.278243359259943e-01
5.537363333788479e-01 -6.044777890777921e-01
-4.352791262371595e-01 -4.195073067421427e-01
-6.232363702567274e-02 -1.540290681408772e-01
-1.663120029754237e-01 -1.273927613732560e+00
1.843796428098189e-04 4.146720529780728e-04

90
8.960908049657916e-01 -2.725478799643625e-01
-7.172397241420554e-02 6.493549830236413e-02
-4.389551836382173e-01 -1.813623234691052e-01
5.139081203057148e-01 1.569554706311446e-01
-1.745843874869134e-01 -1.353518604482707e+00
-4.078364630161484e-02 -5.775310699139392e-02

91
3.794532795944538e-01 -4.882955949808670e-01
-2.701902396845002e-01 8.887236599168019e-02
4.376915094772350e-02 -3.532559143827322e-01
9.407891352120948e-02 -4.716960751418626e-01
-1.669618688196299e-01 -1.267208396517851e+00
2.596811127830655e-03 5.910548153917884e-03

92
1.438576148676340e+00 -2.384773700109150e-01
-4.060327797256932e-01 -1.034397083526178e+00
-6.315130833487580e-01 -1.058743364424876e+00
8.686411331824705e-01 1.744578640846257e+00
8.108795893187387e-02 -1.311393343416428e+00
1.758913077765044e-01 -1.360489021635626e-01

93
5.918395154412491e-01 4.663070192317363e-02
-1.463952789530446e-01 7.773196204720925e-03
-1.059176892076919e-01 -2.199213157527886e-01
-1.691585792180917e-01 -2.094117664263394e-01
6.407666080924257e-02 -1.050749022712485e+00
2.758325451490541e-01 7.358252402624975e-02

94
-4.614704651101728e+00 -2.655706045886010e+00
5.032831355269723e+00 -2.901029033320114e+00
-4.224195007047458e+00 3.298255407202312e+00
7.764941511683171e+00 -5.141943186237284e+00
-3.105023583295046e-01 -1.330666242704698e+00
-1.363294650427618e-01 1.897882306357868e-02

95
2.096964957003300e-01 -1.154307645053641e+00
1.143564100545475e+00 2.979275878042842e-01
-1.807397458947098e+00 -7.087594243591435e-03
2.492146884366452e+00 1.829635075488116e-01
-1.709778902502998e-01 -1.251029151677293e+00
6.503705545273551e-03 2.020812795908234e-02

96
-7.826731690086944e-02 -3.902005586079944e-02
2.658220412735889e-01 7.728213512245426e-02
-1.712420869628558e-01 -3.985421293274101e-01
-2.805527271139259e-01 -5.072630226399494e-01
-1.663994565485331e-01 -1.274450819851395e+00
-1.105946823146587e-04 4.665202426168726e-05

97
8.841698595433725e-01 -6.840848279642584e-01
-7.013179943706046e-01 3.849031216996427e-01
-3.833369689743527e-01 -1.407485891557954e-02
9.032222136741923e-01 -4.045460608870718e-01
-1.183181588856555e-01 -1.302117104411798e+00
2.518866447158085e-02 -4.229227284707594e-02

98
2.916108464012451e-01 4.672277998850799e-02
4.244506111692267e-01 1.323875747787062e+00
-7.675535971869255e-01 5.257294797687191e-01
1.994505515027511e-01 -1.009552617898882e+00
-1.662032393326036e-01 -1.274362299226218e+00
8.008544772224601e-05 3.016517744612320e-05

99
-3.382172496576349e-02 -8.240783470977049e-02
1.197506436369492e-01 2.516514664968471e-01
-1.890834842983824e-01 -3.925163806288683e-01
-2.534150854103948e-01 -5.539993014045801e-01
-1.669145482727582e-01 -1.274807296271973e+00
-6.650206275103156e-04 -6.363714164840099e-06

100
9.396549393689617e-01 -3.672454098731749e-01
-2.415882729101768e-01 3.127547143428801e-01
-5.659735024784873e-01 -8.706944188503528e-02
7.181298804207591e-01 3.349189989214604e-02
-1.783820786504373e-01 -1.265481641394384e+00
-5.515153216825305e-03 1.220773920781154e-02

101
1.942459639327865e-01 -6.420012237843299e-01
2.185313505203026e-01 6.916341700294379e-02
9.445332247195920e-02 -4.173327936872186e-01
6.289217185586951e-02 -4.358874918630035e-01
-1.265116485122635e-01 -1.251727011394786e+00
4.070438384939973e-02 3.646014662595260e-04

102
6.342959542515434e-01 -4.165761538403063e-01
1.864456412956335e-01 -1.999386957953140e-01
1.398771392461257e-02 -1.128247597502502e-01
2.262209219949836e-01 -2.342848022431097e-01
-2.337399412867387e-01 -1.407101063390276e+00
-1.099446469855226e-01 -7.365205166454976e-02

103
1.862690908770142e+00 1.005188977892462e-01
-1.032413963555925e+00 -2.759270539935338e-01
-4.209569944188117e-01 6.907793519848617e-01
9.226281287916196e-01 -9.352807639624892e-02
-1.556081866138815e-01 -1.202689334216746e+00
3.941330998665331e-02 5.104571752396685e-02

104
2.359858294749611e-01 -1.486396330521487e-01
2.618584839079248e-01 -1.924779082562932e-01
-2.305069845994872e-01 -3.897750441517787e-01
3.868934101461181e-02 -1.604161062876385e-01
-1.657711533372368e-01 -1.275846519713279e+00
-2.289114518234252e-04 -1.309077615917798e-03

105
-1.097517984128106e-01 -2.661850383857873e-02
-1.103988872493072e-01 6.529575368972568e-01
-5.434502664588362e-01 -2.796899644721992e-01
-1.254728948862769e-02 -7.451034804314434e-01
-1.662327859774696e-01 -1.274552339027303e+00
-2.533426011470760e-05 -1.044706362690205e-04

106
3.463494416097209e-01 -4.715605097268677e-01
-1.567482475160547e-01 -5.725180093009204e-02
5.871820176750672e-02 -4.371594450849872e-01
5.949267004483910e-02 -3.516594985392927e-01
-1.713722072870541e-01 -1.284722150230030e+00
-8.427809409562548e-03 -5.764808401275092e-03

107
3.127037881153958e-01 1.219608936465209e-02
-5.099713894573042e-02 -2.349179916947687e-01
-9.200330451177445e-02 -2.376645229074281e-01
-1.201641424568134e-01 -3.940866648786918e-01
2.428665695675581e-01 -1.659049680824559e+00
1.505119513218180e-01 -4.760383265407784e-01

