52                                               

1.170895449305951e-01 4.583383505284434e-01
2.307628838885174e-01 1.486820856303573e-02
-1.833458139048731e-01 -4.464865039520471e-01
1.000000000000000e+00 0.000000000000000e+00
-1.332051419228983e-01 1.907355942526705e-01

4.039696213898433e-01 -5.364883020978973e-01
-2.918637081546549e-02 -2.141362798308430e-01
4.483724567396525e-01 -6.440426194622632e-01
1.000000000000000e+00 0.000000000000000e+00
3.267045498163800e-03 1.407418166931414e-01

-4.530412720855683e-01 -1.008924298219092e+00
3.537641326844859e-01 9.726665531990367e-01
6.761866170740765e-01 1.655988601135795e+00
1.000000000000000e+00 0.000000000000000e+00
3.992848250677706e-02 1.294883867880733e-01

3.832301682763462e-01 -5.305105625374674e-01
-9.871980757568954e-02 -1.391454884966574e-01
-4.187915983528722e-01 6.041903230772050e-01
1.000000000000000e+00 0.000000000000000e+00
-2.342594184472920e-01 1.411465888455477e-01

1.886952765597810e-01 4.538762154623349e-01
1.070210705137005e-01 -5.733309066913550e-02
2.357638431275365e-01 5.066440902517555e-01
1.000000000000000e+00 0.000000000000000e+00
-1.176577941283381e-01 -1.108137114965475e-01

1.950450274263099e-01 -3.941233236276717e-01
3.835832451096567e-01 -1.988877042738694e-01
4.771896625661657e-01 -5.039922276028055e-01
1.000000000000000e+00 0.000000000000000e+00
-5.237101615160607e-02 -1.481086572627483e-02

4.726909396412404e-01 -7.110932392894675e-02
-6.217343972718987e-01 3.452104173162357e-02
-9.274518803664298e-01 8.324485748978805e-02
1.000000000000000e+00 0.000000000000000e+00
-4.195115323401813e-01 -5.992140233615631e-02

-4.536089531718784e-02 1.532867962153162e-01
-4.812975950629417e-01 3.883192722046409e-01
-5.563439792207068e-01 4.725561835550521e-01
1.000000000000000e+00 0.000000000000000e+00
-3.221278497078331e-01 3.941358946471122e-01

4.036635764553660e-01 4.107819885359219e-01
-8.699860126746059e-02 4.461026150404626e-03
4.869287505432208e-01 4.665033888772975e-01
1.000000000000000e+00 0.000000000000000e+00
5.451025380839733e-02 -1.616425825481894e-01

7.051248249008613e-02 -9.629444870838075e-02
1.921339029192738e-01 2.814109350973991e-01
2.202964540858440e-01 -1.019603963249666e-01
1.000000000000000e+00 0.000000000000000e+00
-1.965904568980339e-03 4.646926888160088e-02

-4.335916668524952e-01 9.610454654021308e-01
3.531115500410749e-01 -9.650062900901913e-01
6.585491799590490e-01 -1.610893491341729e+00
1.000000000000000e+00 0.000000000000000e+00
2.842738552649083e-02 -1.070484351862158e-01

6.422109610476863e-01 -7.613483189461367e-03
-6.044253241446809e-02 3.455748011279043e-01
3.757876759624370e-01 -1.756389941924508e-02
1.000000000000000e+00 0.000000000000000e+00
-1.657083159035831e-02 -4.924664096992352e-03

-8.317578339462796e-02 5.895193299947079e-02
8.296854144388018e-01 4.516718473912246e-03
9.796674496356650e-01 -1.085415315376814e-03
1.000000000000000e+00 0.000000000000000e+00
3.037014694548412e-02 2.741893013471340e-02

-6.049874720770621e-02 2.353076557501374e-02
6.225186949461363e-02 -1.851531291520491e-01
-2.037946267816348e-01 -2.219461883572729e-01
1.000000000000000e+00 0.000000000000000e+00
3.679468327286043e-02 8.578156966806463e-02

-7.867593021943793e-01 -2.132686104170423e-02
-1.055442529598400e-01 -5.671169296154709e-02
-9.099628506223376e-01 -3.275049876923153e-02
1.000000000000000e+00 0.000000000000000e+00
1.457052187745200e-01 -1.499054175399100e-02

-1.375495094411934e-03 -1.024787503105640e-01
-6.216548269862029e-01 -2.822821693511426e-01
-7.188806510121838e-01 -3.266359166623210e-01
1.000000000000000e+00 0.000000000000000e+00
-5.763669120679024e-02 -3.612988354475888e-01

-1.703092146667980e-01 6.491086966767416e-02
-2.733213396150279e-01 -3.932649518599238e-01
3.510851188951264e-01 3.755733867945970e-01
1.000000000000000e+00 0.000000000000000e+00
1.937179437268761e-02 -7.019858141945982e-02

-1.197411971709721e-01 -1.399840937062922e-01
-6.750594186538691e-01 -2.659896545364108e-01
8.106889431894218e-01 3.354908865575067e-01
1.000000000000000e+00 0.000000000000000e+00
7.807126523667121e-03 -7.399455875522704e-02

-3.705757822530012e-02 2.282418668572993e-01
-1.202050865406184e-01 -5.372651805325039e-02
1.814346588708634e-01 1.893998624524071e-01
1.000000000000000e+00 0.000000000000000e+00
-4.444490342473718e-02 -9.439218408920566e-02

4.676389138417446e-01 -1.073521486458182e-01
-6.142047705581724e-01 4.638348766370287e-03
9.043180158887221e-01 -8.261639142778388e-02
1.000000000000000e+00 0.000000000000000e+00
-1.532468591140783e-01 2.783169879927309e-02

-2.850063797383575e-01 1.363284887324501e-01
-3.441853483437742e-01 3.723448891761453e-01
-5.232516635770500e-01 4.451596074537250e-01
1.000000000000000e+00 0.000000000000000e+00
-3.582618745177191e-01 -2.096895439549263e-01

6.203512934604583e-02 -4.171513855132385e-01
3.534543719345493e-01 -1.699093374106794e-02
3.283097009083865e-01 -2.998776716003509e-01
1.000000000000000e+00 0.000000000000000e+00
-1.846201068642537e-02 3.073512242148846e-02

-1.509611773188875e-02 1.483750758852239e-03
8.282359013948637e-01 1.992148355309827e-02
-9.509989377254739e-01 -2.840870917548019e-02
1.000000000000000e+00 0.000000000000000e+00
1.235213542592417e-01 1.896169296890383e-02

-4.461098137189828e-01 -1.010985793041347e+00
3.575763511034069e-01 9.712372928829609e-01
-6.763242188723748e-01 -1.656645146785859e+00
1.000000000000000e+00 0.000000000000000e+00
1.155653877370221e-01 1.028499616221817e-01

1.098829567560555e-01 1.077099734048193e-01
-2.219866207482401e-01 1.434129845875581e-03
1.450152415231565e-01 1.740350380383035e-01
1.000000000000000e+00 0.000000000000000e+00
-9.252903711062321e-02 1.063909947544424e-01

5.434303504589345e-02 2.249134155839653e-01
-4.792728074168190e-01 -1.765420237138926e-01
4.141880875405803e-01 2.947477251726791e-01
1.000000000000000e+00 0.000000000000000e+00
-7.620660929774637e-03 2.856453805360686e-02

-8.990712850571824e-01 -4.465769017297877e-02
1.433020760632510e-01 -9.782958628369647e-01
7.437399229564805e-01 3.574568152310387e-03
1.000000000000000e+00 0.000000000000000e+00
1.054089288006075e-03 -4.332114527654352e-04

-7.642723691168224e-02 -4.599920919581095e-02
-9.739148595189097e-03 -4.039592033337207e-02
-2.689268448676790e-01 1.984998116345303e-01
1.000000000000000e+00 0.000000000000000e+00
2.129932402081710e-02 -9.227405283381568e-02

-8.106769607521760e-01 1.391867582690818e-01
8.504986304296425e-02 -2.325377568001597e-01
9.193035279297039e-01 -1.877691054724750e-01
1.000000000000000e+00 0.000000000000000e+00
2.218928350650960e-02 -1.079616554471857e-02

9.907817652824455e-02 1.837255705505658e-02
-9.858945341155276e-02 -9.098049328898727e-02
-1.320072899662007e-01 -2.032671676547514e-01
1.000000000000000e+00 0.000000000000000e+00
2.986984854737592e-01 -8.124311232993285e-02

-3.396906303831616e-01 3.874365678916120e-02
-3.281883106580540e-01 3.991320424199105e-01
5.099284157159151e-01 -4.079939750851622e-01
1.000000000000000e+00 0.000000000000000e+00
-1.394452676184094e-01 9.181701583382024e-02

-7.484772152749461e-02 1.569104154253630e-01
-4.763957215390685e-01 3.785344491063407e-01
5.649464343178727e-01 -4.710770468539685e-01
1.000000000000000e+00 0.000000000000000e+00
5.838378479198909e-02 3.354408253221356e-01

4.344014504053184e-01 3.904571258724914e-01
-7.636830816271518e-02 7.025928550571048e-02
-4.966105605755879e-01 -4.435626328321945e-01
1.000000000000000e+00 0.000000000000000e+00
-1.425822398127371e-01 -4.236619008509713e-01

-7.829066505184615e-02 7.461851441163649e-01
-2.234969448442863e-01 7.166438025082164e-01
2.488119551966149e-01 -1.215667941483647e+00
1.000000000000000e+00 0.000000000000000e+00
4.220633305641406e-01 -1.933404747415365e-01

2.125144735074739e-01 -3.940278509123578e-01
2.248087884248841e-01 -1.852677991469418e-01
-3.658847930128417e-01 4.955541499554438e-01
1.000000000000000e+00 0.000000000000000e+00
-1.002352661093900e-01 -2.838976084641492e-01

2.549696112887697e-01 3.933452156245862e-01
-3.471219382660229e-01 1.462347138747285e-01
3.650303683383785e-01 1.225841915587220e-01
1.000000000000000e+00 0.000000000000000e+00
4.188561405020238e-02 -4.138919654900404e-03

-7.345737515533618e-02 7.485836312253599e-01
-2.266338365917125e-01 7.157377321263612e-01
-2.488884702552682e-01 1.217074628556819e+00
1.000000000000000e+00 0.000000000000000e+00
4.683859511776670e-01 1.394672795385391e-01

2.880337581758600e-01 -2.589904160445096e-01
-5.279777809513180e-01 -1.719332014365358e-01
5.872724788683702e-01 3.988930344147301e-02
1.000000000000000e+00 0.000000000000000e+00
-7.834612284434639e-02 7.706663237354019e-03

-2.020480653322992e+00 -2.624736116679623e-01
-2.245682497256436e-01 1.418476699126800e+00
5.309946297390542e-01 -4.104373723270494e-03
1.000000000000000e+00 0.000000000000000e+00
-9.249987563760746e-04 1.968502255373246e-04

-1.196193932303568e-01 5.277555826029509e-02
-3.554963277016824e-01 -3.356051091521077e-01
4.311384807441143e-01 3.275166074558073e-01
1.000000000000000e+00 0.000000000000000e+00
5.527936918146870e-02 -3.609530034252729e-02

-3.551476617063563e-01 -2.862999395786599e-01
5.083471180879181e-01 -2.926534114115806e-01
6.892055156649040e-01 -3.484661607274465e-01
1.000000000000000e+00 0.000000000000000e+00
-4.701570207941310e-03 1.666492095263061e-03

-1.680251066171300e-01 -7.656408790939953e-01
-3.068335384782899e-01 -7.810091594685021e-01
3.976893314405232e-01 1.289773133458157e+00
1.000000000000000e+00 0.000000000000000e+00
1.384455224810663e-01 1.783190143472707e-01

-2.408195047444877e-01 2.177474687502967e-02
-2.185643514251814e-01 -3.655356976284720e-01
-3.270183283902275e-01 -3.512119801216290e-01
1.000000000000000e+00 0.000000000000000e+00
-6.464507443117244e-02 2.599976061550455e-01

-4.389783233576223e-01 9.644341951482697e-01
3.440341677488659e-01 -9.596375625484378e-01
-6.582029147077348e-01 1.608681640868122e+00
1.000000000000000e+00 0.000000000000000e+00
1.144440904909516e-01 -7.839025491011734e-02

-6.916958654535791e-01 -1.353400752269064e-01
-2.732927033463828e-01 -2.457468528415885e-01
8.413954669737606e-01 2.519802077632419e-01
1.000000000000000e+00 0.000000000000000e+00
2.748522129932128e-02 2.401868555291964e-02

-3.815170976610879e-01 2.631280230901640e-01
-4.782540677370349e-01 -3.563567452624337e-01
6.054862600567443e-01 3.384465797228317e-01
1.000000000000000e+00 0.000000000000000e+00
-9.608748415633372e-03 -3.190383976177322e-03

-8.962794624872400e-03 3.463960780579834e-01
6.262165457599767e-01 -5.645838680535956e-02
6.363232340899708e-01 -1.197323641128663e-01
1.000000000000000e+00 0.000000000000000e+00
-6.231494865179817e-03 3.326271475490999e-02

3.727305631575802e-01 -9.846610646546000e-02
1.107069581665575e-01 -1.151894741314845e-01
4.483509325668565e-01 -1.096586593004649e-01
1.000000000000000e+00 0.000000000000000e+00
5.711548306523390e-02 -6.466521406709991e-02

-5.639455563460050e-01 -1.132040229845803e-01
-2.049625892365756e-01 3.802635088190208e-01
4.990953602551281e-01 -7.814911717113876e-02
1.000000000000000e+00 0.000000000000000e+00
-4.663235432966484e-02 2.353586192954207e-02

1.585335329150651e+00 1.421248144122000e-01
2.473822138402121e-01 -2.132385576721462e+00
5.684775105744082e-01 1.740988970440116e-03
1.000000000000000e+00 0.000000000000000e+00
6.385195788815189e-04 -1.791053971675785e-04

-5.906823118398336e-02 -2.502711408126573e-01
6.434018461744941e-01 -3.735818135805833e-01
5.477607678551449e-01 -2.981907361904876e-01
1.000000000000000e+00 0.000000000000000e+00
5.996292471603973e-03 -5.374709334267360e-03

-1.748261788063397e-01 -7.712981934232329e-01
-3.014831707889606e-01 -7.697715314644947e-01
-3.991291835203206e-01 -1.285736645546659e+00
1.000000000000000e+00 0.000000000000000e+00
2.845914225715476e-01 -5.274746812229586e-03

