108

1.911183384501003e-01 3.097835855942732e-02;
-1.634346635581831e-02 -3.908995622998986e-02;
-1.906873879737638e-01 -3.756143115293994e-01;
-1.892736797373963e-01 -3.417808887031308e-01;
1.280815461129818e-01 -5.204769804371060e-01;
5.556790412625723e-01 4.572640276614626e-01;

1.637116277494507e-01 -1.692533663768794e-01;
3.343698916900498e-02 -3.015017590323251e-01;
1.508527825188587e-01 -3.764746650565160e-01;
-2.679623154703743e-01 -4.749904506348855e-01;
1.280815461129818e-01 -5.204769804371060e-01;
5.556790412625723e-01 4.572640276614626e-01;

3.441034187206260e-01 -1.919956392538056e-01;
2.690289965496037e-01 -2.542118168680431e-01;
1.483636985868518e-01 -6.921436918973138e-02;
-1.473742145742663e-01 -5.445066521531287e-01;
1.280815461129818e-01 -5.204769804371060e-01;
5.556790412625723e-01 4.572640276614626e-01;

-1.872888645116632e-01 2.089293027311180e-01;
2.054652683183313e-01 2.964872330015773e-01;
-2.300670346664116e-01 -4.217502902748383e-01;
-5.564239870589578e-01 -5.884229765194673e-01;
1.280815461129818e-01 -5.204769804371060e-01;
5.556790412625723e-01 4.572640276614626e-01;

1.801326883777010e-01 1.055092274759941e-01;
1.909325154052143e-01 -2.866695101921942e-01;
2.185918608969355e-02 -3.990058996701971e-01;
-4.363025985919231e-01 -2.857446064960014e-01;
1.280815461129818e-01 -5.204769804371060e-01;
5.556790412625723e-01 4.572640276614626e-01;

1.815613727271335e-01 -4.007064899317834e-01;
-5.582132885129585e-01 -4.797805398276451e-01;
1.423050433865496e-01 -7.121067438871910e-01;
-6.611389355144696e-03 -3.291176902675996e-01;
1.280815461129818e-01 -5.204769804371060e-01;
5.556790412625723e-01 4.572640276614626e-01;

-1.693851926821363e-01 2.667782862975491e-01;
2.580547358198651e-01 2.714318739942955e-01;
-2.374759905679164e-01 -4.170314444246750e-01;
-5.991845909159184e-01 -5.407341875024310e-01;
1.280815461129818e-01 -5.204769804371060e-01;
5.556790412625723e-01 4.572640276614626e-01;

-1.312734127844954e+00 1.186670995147822e+00;
6.737185636526366e-01 6.562673012996242e-01;
-3.149100021282787e-01 -1.208651321905686e+00;
-2.110792980025039e+00 -5.558001412265078e-01;
1.280815461129818e-01 -5.204769804371060e-01;
5.556790412625723e-01 4.572640276614626e-01;

2.252230104649023e-01 -1.279457137901266e-01;
8.509919745506209e-02 1.429607993800431e-01;
-1.757327913280132e-01 -1.208736022905271e-01;
-2.698593817861603e-02 -5.970263572339106e-01;
1.280815461129818e-01 -5.204769804371060e-01;
5.556790412625723e-01 4.572640276614626e-01;

-4.413344488655237e-03 4.510419186985037e-01;
2.861658863347794e-01 -6.310801404609363e-01;
-4.729068918662789e-01 -2.923512663330403e-01;
-1.146496388479305e-01 -2.283059417437720e-01;
1.280815461129818e-01 -5.204769804371060e-01;
5.556790412625723e-01 4.572640276614626e-01;

2.708095687054421e-01 8.779557012094178e-03;
2.887192304887862e-01 -5.975323943287408e-01;
6.507006734290205e-02 -5.598587554616458e-02;
-1.305190863559220e-01 -5.019402374729766e-01;
1.280815461129818e-01 -5.204769804371060e-01;
5.556790412625723e-01 4.572640276614626e-01;

5.230336995201919e-02 -5.040228069189718e-01;
3.196845541406894e-01 -5.791652979710531e-01;
6.026089984041435e-01 -3.822302324895350e-01;
-3.800451352879068e-01 -6.560963693364620e-01;
1.280815461129818e-01 -5.204769804371060e-01;
5.556790412625723e-01 4.572640276614626e-01;

3.900112182282405e-01 7.216401467882351e-01;
1.794555715821103e-01 -5.880370200297659e-01;
-3.289118629021147e-01 -1.649709578229673e-01;
-4.181026544227149e-01 -5.179855949030611e-02;
1.280815461129818e-01 -5.204769804371060e-01;
5.556790412625723e-01 4.572640276614626e-01;

4.672479154367942e-01 2.472690871248061e-01;
2.170350807563735e-01 -5.408418704078378e-01;
4.728518772473552e-02 -2.350991565489310e-01;
-3.989793503494972e-01 -1.198102038730430e-01;
1.280815461129818e-01 -5.204769804371060e-01;
5.556790412625723e-01 4.572640276614626e-01;

1.201760826940225e-01 5.005945602598328e-01;
2.227647054268226e-01 -5.944730089393062e-01;
-2.361260674854158e-01 -4.267474233539610e-01;
-4.538617014372757e-01 -8.854595823642725e-02;
1.280815461129818e-01 -5.204769804371060e-01;
5.556790412625723e-01 4.572640276614626e-01;

3.992491546956167e-01 9.973861053831740e-02;
3.028624100385545e-01 -5.034396860301127e-01;
-2.945737819154071e-01 -4.125869321583693e-01;
-8.571435372936670e-03 1.498370531064053e-01;
1.280815461129818e-01 -5.204769804371060e-01;
5.556790412625723e-01 4.572640276614626e-01;

7.185331631556233e-01 -1.403682386381750e-01;
3.301939586130172e-01 -4.642492035946534e-01;
-1.999953225680219e-01 -1.289112811135471e-01;
2.668683736739336e-01 9.038881694013838e-02;
1.280815461129818e-01 -5.204769804371060e-01;
5.556790412625723e-01 4.572640276614626e-01;

-2.041762710773087e+00 3.299976499469274e-01;
2.857931197935178e-01 -7.961870443063286e-01;
1.219025066980765e-01 -2.199958865640829e+00;
-1.640038604414129e+00 -4.239157216344332e-01;
1.280815461129818e-01 -5.204769804371060e-01;
5.556790412625723e-01 4.572640276614626e-01;

4.051254870941445e-02 -4.037294779609297e-01;
1.766779173444477e-01 5.921493640965884e-01;
-4.685422699800192e-02 -6.299161355104822e-01;
-3.208766853874314e-01 -3.711980533377511e-01;
1.280815461129818e-01 -5.204769804371060e-01;
5.556790412625723e-01 4.572640276614626e-01;

-1.080549152191781e+00 2.853300460343490e-01;
1.577038324552328e+00 1.655347470667163e+00;
-1.751322522000901e+00 -1.301956513189556e+00;
-2.658781683239761e-01 4.180325825916228e-01;
1.280815461129818e-01 -5.204769804371060e-01;
5.556790412625723e-01 4.572640276614626e-01;

5.053622413278558e-01 -1.218356857220314e-01;
3.030302252590132e-01 -1.231689425844089e-01;
2.794650464374264e-02 1.233153327319754e-01;
-4.122924401347863e-02 -5.403980412306958e-01;
1.280815461129818e-01 -5.204769804371060e-01;
5.556790412625723e-01 4.572640276614626e-01;

6.842512338220335e+00 1.421263387901687e+00;
-4.308033267160849e+00 -6.520491620092762e+00;
2.449851448477338e-01 2.075582284010598e+00;
3.143809220335493e+00 2.950299792825974e+00;
1.280815461129818e-01 -5.204769804371060e-01;
5.556790412625723e-01 4.572640276614626e-01;

7.935366995991538e-01 2.552396990210092e-01;
1.321813571372185e-01 -7.870729245310978e-01;
1.410817017540213e-01 -9.443433542642227e-02;
-2.933117467723766e-01 1.762799249387399e-02;
1.280815461129818e-01 -5.204769804371060e-01;
5.556790412625723e-01 4.572640276614626e-01;

1.086246818006072e+00 7.695478724632643e-01;
2.733002192005705e-01 -1.469240703177162e+00;
-1.080559794096025e-02 4.868550053543683e-02;
-2.926722455524524e-01 4.516546111634949e-01;
1.280815461129818e-01 -5.204769804371060e-01;
5.556790412625723e-01 4.572640276614626e-01;

2.965503290853737e-01 3.425859821338501e-01;
5.570309388978099e-01 -2.696935987837266e-01;
-2.800168646322075e-01 -4.334982824040998e-01;
-4.127434142228319e-01 1.586216802883592e-01;
1.280815461129818e-01 -5.204769804371060e-01;
5.556790412625723e-01 4.572640276614626e-01;

3.708658782539335e-01 2.764470557550878e-01;
4.770141627878728e-01 -2.470366315365603e-01;
-2.952436852696483e-01 -3.523631176397893e-01;
-2.840408538107740e-01 1.077714122882560e-01;
1.280815461129818e-01 -5.204769804371060e-01;
5.556790412625723e-01 4.572640276614626e-01;

4.289621203874479e-01 -4.425027204451455e-01;
1.711862818271258e-01 2.726015957297190e-01;
3.146039141093161e-02 1.491311828047352e-01;
1.356805078647006e-01 -8.035448197142160e-01;
1.280815461129818e-01 -5.204769804371060e-01;
5.556790412625723e-01 4.572640276614626e-01;

-7.832470668826588e-02 8.534216434006969e-06;
3.683595187077824e-01 1.952320002902683e-02;
-2.890884987170485e-01 -5.169743228664814e-01;
-2.385078070025057e-01 -2.793630455638385e-01;
1.280815461129818e-01 -5.204769804371060e-01;
5.556790412625723e-01 4.572640276614626e-01;

-6.192731343195577e-02 -5.689366785086011e-02;
3.668443279014751e-01 3.577822285120423e-02;
-2.284762694229389e-01 -5.111197475786882e-01;
-2.486205371347623e-01 -3.061680843696646e-01;
1.280815461129818e-01 -5.204769804371060e-01;
5.556790412625723e-01 4.572640276614626e-01;

5.628535182566926e-01 1.113428046408237e-01;
1.889727567838805e-01 2.233902817171966e-02;
-2.808248772406056e-01 1.521724497723476e-01;
4.227939282957095e-02 -4.217814539727849e-01;
1.280815461129818e-01 -5.204769804371060e-01;
5.556790412625723e-01 4.572640276614626e-01;

-9.431360749182995e-01 -5.476199841815952e-01;
1.683899891738465e-01 1.521589611328838e+00;
-7.220019983548047e-02 -7.686149485847948e-01;
-7.033588958066342e-01 -1.341788281905739e+00;
1.280815461129818e-01 -5.204769804371060e-01;
5.556790412625723e-01 4.572640276614626e-01;

-1.037463513195523e+00 -1.273566831260147e+00;
-5.015111514520036e-01 1.007732734617994e+00;
2.437310526883544e-01 -1.325773683307267e+00;
-2.732634121208491e-01 -1.249208340043972e+00;
1.280815461129818e-01 -5.204769804371060e-01;
5.556790412625723e-01 4.572640276614626e-01;

-1.623508974194618e+00 -1.536913956425340e+00;
-1.193717211584562e+00 1.272181527135010e+00;
-2.746479781808377e-02 -1.818175349995953e+00;
-6.258608057561475e-03 -1.528139182037278e+00;
1.280815461129818e-01 -5.204769804371060e-01;
5.556790412625723e-01 4.572640276614626e-01;

2.915937952626134e-01 -5.943608837643510e-02;
5.909901513073870e-02 -4.408886460293411e-01;
-2.875719001734125e-01 -3.953884630861323e-01;
1.465093147758647e-01 -1.006749477356745e-01;
1.280815461129818e-01 -5.204769804371060e-01;
5.556790412625723e-01 4.572640276614626e-01;

2.988861531092449e-01 -6.911179066413405e-02;
3.070061713725484e-01 -2.599570573737103e-01;
-1.428888418273588e-01 -3.106395691873925e-01;
-7.035513402389053e-02 -1.800120256142989e-01;
1.280815461129818e-01 -5.204769804371060e-01;
5.556790412625723e-01 4.572640276614626e-01;

3.155343459735662e-01 -5.845958123328823e-02;
4.369247509406365e-02 1.658583047797541e-01;
-2.626579123477479e-01 -6.473003795665908e-02;
3.159534718411540e-02 -5.426467251031938e-01;
1.280815461129818e-01 -5.204769804371060e-01;
5.556790412625723e-01 4.572640276614626e-01;

1.589479521921407e-01 -3.420699838330702e-02;
-2.926822353448918e-02 -1.342851037567998e-01;
-7.426923003726638e-02 -4.148334856475315e-01;
-2.313002812696368e-01 -3.782570262847942e-01;
-1.773731651971610e-01 -5.371007000145643e-01;
3.114452065890515e-01 5.769574176997182e-01;

1.712399738981170e-01 4.729838794023827e-01;
-2.269486897105619e-01 5.064075923563499e-01;
-9.265452862432215e-01 -5.083426469240511e-01;
-7.230505769395083e-02 -2.390274828481987e-02;
-1.773731651971610e-01 -5.371007000145643e-01;
3.114452065890515e-01 5.769574176997182e-01;

3.285340733517843e-01 -1.724188761974717e-01;
2.412953847299707e-01 -2.362224722360499e-01;
1.190764022174570e-01 -9.969596442809493e-02;
-1.525616600773907e-01 -5.260741497107698e-01;
-1.773731651971610e-01 -5.371007000145643e-01;
3.114452065890515e-01 5.769574176997182e-01;

2.504809871527862e-01 -3.081527419743685e-02;
1.558389973020274e-02 -4.422877124545035e-01;
9.761538185431137e-02 -4.667998972036406e-01;
-3.144241314579313e-01 -2.380552423602772e-01;
-1.773731651971610e-01 -5.371007000145643e-01;
3.114452065890515e-01 5.769574176997182e-01;

-3.921027221455581e-01 -3.593311014858747e-01;
-7.133815057971302e-01 3.854035402776955e-01;
-2.226681761333762e-01 -8.219795929825745e-01;
-9.224780560822975e-02 -8.122743458476147e-01;
-1.773731651971610e-01 -5.371007000145643e-01;
3.114452065890515e-01 5.769574176997182e-01;

3.476225753995342e-01 -6.794127350655818e-02;
-2.746667822864899e-03 -6.001580863498135e-01;
1.665320943420892e-01 -4.668440287434267e-01;
-2.743638497608585e-01 -1.588925799473036e-01;
-1.773731651971610e-01 -5.371007000145643e-01;
3.114452065890515e-01 5.769574176997182e-01;

6.874105815705753e-02 2.982769685710153e-02;
1.541603976950078e-01 1.938359014231429e-01;
-2.007817690822190e-01 -2.386850277159727e-01;
-2.547056426235244e-01 -5.737120700024461e-01;
-1.773731651971610e-01 -5.371007000145643e-01;
3.114452065890515e-01 5.769574176997182e-01;

1.330572300291986e+00 -5.402593410632097e-01;
-1.345890128031508e-01 -2.559404235998434e-01;
-3.171368732271909e-01 5.027442324202938e-01;
1.122557298615165e+00 -2.026998034684057e-01;
-1.773731651971610e-01 -5.371007000145643e-01;
3.114452065890515e-01 5.769574176997182e-01;

4.041259766178916e-01 -2.231374532169033e-01;
3.867459283261336e-02 8.000006208711946e-02;
-1.857170779294303e-01 -1.148652927919869e-02;
1.776733171548715e-01 -5.558602116678109e-01;
-1.773731651971610e-01 -5.371007000145643e-01;
3.114452065890515e-01 5.769574176997182e-01;

-4.655567114150527e-01 -8.035514454550736e-02;
3.304801830858701e-01 -6.210105379109038e-01;
4.647166133001584e-02 -8.925052320265993e-01;
-4.741271516262828e-01 -3.168369265065714e-01;
-1.773731651971610e-01 -5.371007000145643e-01;
3.114452065890515e-01 5.769574176997182e-01;

-7.963445553370367e-02 2.606380722933215e+00;
2.077737760614357e-01 -7.462233763954600e-01;
-2.891607564156049e+00 -3.059007688596773e-02;
5.069682440823576e-01 7.210962343607266e-01;
-1.773731651971610e-01 -5.371007000145643e-01;
3.114452065890515e-01 5.769574176997182e-01;

9.352602717263050e-02 1.175869543002064e-01;
2.937985978827096e-01 -6.099704121294509e-01;
-8.486264792299079e-02 -2.364847192397335e-01;
-1.737197450236304e-01 -4.013740524051788e-01;
-1.773731651971610e-01 -5.371007000145643e-01;
3.114452065890515e-01 5.769574176997182e-01;

5.515096208570830e-01 -5.426493535041194e-01;
2.833534776270484e-01 -4.663756527319758e-01;
6.617587483868185e-01 -3.851008466179518e-01;
-3.736136396681798e-01 -2.337957695495775e-01;
-1.773731651971610e-01 -5.371007000145643e-01;
3.114452065890515e-01 5.769574176997182e-01;

-5.722595772462138e+00 6.680503442155130e+00;
1.411838508264931e-01 -1.658891203966574e+00;
-6.441990429912286e+00 -3.136287072444802e+00;
-1.409439143170541e+00 7.175283165609592e-01;
-1.773731651971610e-01 -5.371007000145643e-01;
3.114452065890515e-01 5.769574176997182e-01;

1.964199083107129e-01 -3.115303717421603e-01;
2.918236408806051e-01 -5.188788545235000e-01;
3.928194407546468e-01 -5.887468297498329e-01;
-4.293000177537837e-01 -2.059076319730063e-01;
-1.773731651971610e-01 -5.371007000145643e-01;
3.114452065890515e-01 5.769574176997182e-01;

-4.591831053416838e-01 -2.449843168497552e-01;
3.477411319787511e-01 -6.045675110009563e-01;
1.540560523504022e-01 -9.400189149819060e-01;
-4.565321751184567e-01 -3.245887600500047e-01;
-1.773731651971610e-01 -5.371007000145643e-01;
3.114452065890515e-01 5.769574176997182e-01;

2.692918374893880e+00 -4.205641301628852e-01;
3.552300269167127e-01 -2.270614622376052e-01;
-4.701678925535157e-01 1.339105336332621e+00;
1.614222223039119e+00 4.942864844462827e-01;
-1.773731651971610e-01 -5.371007000145643e-01;
3.114452065890515e-01 5.769574176997182e-01;

-6.120027683490298e-02 -1.770664000941680e-01;
3.379191028642248e-01 -5.572895264232440e-01;
1.129698976885995e-02 -6.736598774200327e-01;
-2.216970182812263e-01 -1.634987929233626e-01;
-1.773731651971610e-01 -5.371007000145643e-01;
3.114452065890515e-01 5.769574176997182e-01;

3.483075599989826e-01 -3.323215808634362e-01;
1.167927208189298e-01 1.742345163162603e-01;
1.309836048820883e-01 -2.275261299726078e-01;
-1.971195101979917e-01 -5.153226100735817e-01;
-1.773731651971610e-01 -5.371007000145643e-01;
3.114452065890515e-01 5.769574176997182e-01;

-4.103081932834228e-01 -7.520460432352288e-01;
-3.919347097071883e-02 1.322111193797672e+00;
-3.597303505613886e-02 -1.423062930369352e+00;
-6.320110439833962e-01 -2.279692352538820e-01;
-1.773731651971610e-01 -5.371007000145643e-01;
3.114452065890515e-01 5.769574176997182e-01;

5.120825042699094e-01 -2.598809844409797e-01;
1.278328339426608e-01 -6.478966803307923e-02;
1.872596266505260e-01 1.538075359016266e-02;
-1.129153676392805e-01 -5.824185266892917e-01;
-1.773731651971610e-01 -5.371007000145643e-01;
3.114452065890515e-01 5.769574176997182e-01;

5.577154737284608e-01 -4.973042751965933e-02;
1.035273079191441e-01 -3.341688123478473e-01;
2.259648794151987e-01 -2.006340062239964e-01;
-3.334058910749793e-01 -2.622631584066583e-01;
-1.773731651971610e-01 -5.371007000145643e-01;
3.114452065890515e-01 5.769574176997182e-01;

6.407360858372425e-01 -1.256658566006789e+00;
-9.081785742337016e-01 6.681002375499994e-01;
6.464849018921297e-01 -2.726435852011784e-01;
1.562787134853766e-01 -1.002201607328339e+00;
-1.773731651971610e-01 -5.371007000145643e-01;
3.114452065890515e-01 5.769574176997182e-01;

6.554764824933723e-01 -2.322917093449096e-01;
-1.248162319871527e-01 -2.488055234831761e-01;
2.966652164136593e-01 -1.823274355153184e-01;
-2.049789087722929e-01 -3.433567499382961e-01;
-1.773731651971610e-01 -5.371007000145643e-01;
3.114452065890515e-01 5.769574176997182e-01;

1.302593189102859e-01 -2.010496701398952e-01;
4.839139385233409e-01 1.998776119245345e-01;
1.050373969215184e-01 -1.609729530049345e-01;
-3.699626994297344e-01 -6.310096694883568e-01;
-1.773731651971610e-01 -5.371007000145643e-01;
3.114452065890515e-01 5.769574176997182e-01;

1.068360847917828e+00 -2.105608700851473e-01;
-2.252274748860643e-01 -1.349952489807023e-01;
-5.060278198612896e-01 3.213305551152083e-01;
8.599451415176876e-01 -1.947893285114014e-01;
-1.773731651971610e-01 -5.371007000145643e-01;
3.114452065890515e-01 5.769574176997182e-01;

4.246375058890059e-01 -3.628171397416546e-01;
2.034924105186364e-01 2.142359737191667e-01;
-6.138473267310886e-03 9.462058653198717e-02;
9.192227829208598e-02 -7.015268190217949e-01;
-1.773731651971610e-01 -5.371007000145643e-01;
3.114452065890515e-01 5.769574176997182e-01;

2.397105219021370e-01 -4.974769471898171e-01;
3.078019040416132e-01 1.706200031315798e-01;
2.737457534431874e-01 -2.892085183325349e-01;
-2.592055953647471e-01 -5.642717434597593e-01;
-1.773731651971610e-01 -5.371007000145643e-01;
3.114452065890515e-01 5.769574176997182e-01;

-2.180099797546630e-01 2.503211880616157e+00;
2.774739877185883e-01 -6.656469774573336e-01;
-2.845904020095686e+00 -1.865252250726603e-01;
4.318537846190045e-01 7.314744541751333e-01;
-1.773731651971610e-01 -5.371007000145643e-01;
3.114452065890515e-01 5.769574176997182e-01;

5.658646856113546e-01 -5.281736203094846e-01;
2.210422152666864e-01 1.957055361270067e-01;
3.662315738141472e-01 3.471779564002661e-02;
-1.416512594642655e-01 -6.705720096757625e-01;
-1.773731651971610e-01 -5.371007000145643e-01;
3.114452065890515e-01 5.769574176997182e-01;

7.300913738633841e-01 -1.558579735495404e+00;
7.044255407236065e-01 -6.684092057341128e-01;
1.629428346050552e+00 -5.952275306314297e-01;
-4.673378153240699e-01 -1.908700966901153e-01;
-1.773731651971610e-01 -5.371007000145643e-01;
3.114452065890515e-01 5.769574176997182e-01;

-8.313034691840867e-01 -1.518822965021497e+00;
-5.340765299019921e-01 6.396545353330790e-01;
5.168810715396029e-01 -1.388792973059666e+00;
-1.758300934195051e-01 -1.083128773348715e+00;
-1.773731651971610e-01 -5.371007000145643e-01;
3.114452065890515e-01 5.769574176997182e-01;

2.803221096708182e-01 -1.045748919435501e+00;
7.573073052180747e-01 1.165116024381537e-01;
1.045205574970348e+00 -4.732850432488074e-01;
-6.673124222779182e-01 -5.487264188238351e-01;
-1.773731651971610e-01 -5.371007000145643e-01;
3.114452065890515e-01 5.769574176997182e-01;

3.293015171333362e-01 -7.136767960843100e-02;
3.759921678964164e-01 5.095248032041271e-01;
-6.317278393260292e-02 1.038475492628058e-01;
-2.801069683556250e-01 -7.221330210816822e-01;
-1.773731651971610e-01 -5.371007000145643e-01;
3.114452065890515e-01 5.769574176997182e-01;

3.060941978425015e-01 -3.726443821849661e-02;
-4.968159124562376e-01 -6.498494851466521e-02;
-5.691303733783301e-01 -1.605564230426663e-01;
4.704247450543519e-01 -4.880054996466122e-01;
-1.773731651971610e-01 -5.371007000145643e-01;
3.114452065890515e-01 5.769574176997182e-01;

3.016435926422066e-01 -5.290336731146473e-02;
-1.024467495978996e-01 -1.838023343903840e-01;
-3.612795169781915e-01 -2.467794204305552e-01;
2.099204490803013e-01 -3.201498126136886e-01;
-1.773731651971610e-01 -5.371007000145643e-01;
3.114452065890515e-01 5.769574176997182e-01;

1.020063389587038e-01 -4.080605499115331e-02;
-7.233642424797458e-02 5.568193037930561e-02;
-1.840536634050607e-01 -3.908297634624471e-01;
-1.725725032266017e-01 -4.616582288174779e-01;
-2.868172825521963e+00 1.454142408649987e+00;
-9.121184250907162e-01 3.290093020022084e+00;

1.081268944931628e-01 -6.040660385215803e-01;
-6.093772110844855e-01 1.278664716000291e-01;
-1.050093132588606e-01 -4.115285887655276e-01;
3.418539020594267e-01 -7.622572238728534e-01;
-2.868172825521963e+00 1.454142408649987e+00;
-9.121184250907162e-01 3.290093020022084e+00;

4.263729966914506e-01 -1.286524365829986e-01;
-2.008859149656336e-01 -2.409309747221390e-01;
-1.593493120158823e-01 -3.488068413643365e-01;
8.344426925652229e-02 -2.150771137131025e-01;
-2.868172825521963e+00 1.454142408649987e+00;
-9.121184250907162e-01 3.290093020022084e+00;

2.175607623614087e-01 9.470744173383250e-03;
1.396782377628031e-01 -3.163710440757985e-01;
6.221250090340895e-02 -3.711473342389282e-01;
-3.494107289560799e-01 -3.237678849394677e-01;
-2.868172825521963e+00 1.454142408649987e+00;
-9.121184250907162e-01 3.290093020022084e+00;

1.700549514230122e-01 -2.195765139652122e+00;
-1.116964720269854e+00 -4.832862862340563e-01;
1.088267149990426e+00 -1.512933634846143e-01;
1.056456138251813e+00 -1.787733693825825e+00;
-2.868172825521963e+00 1.454142408649987e+00;
-9.121184250907162e-01 3.290093020022084e+00;

3.488239891940988e-01 -1.197144552905750e-01;
7.784874057940443e-02 -4.022807874700949e-01;
1.076192710015235e-01 -2.962155730344819e-01;
-1.799470466631808e-01 -3.221959822986528e-01;
-2.868172825521963e+00 1.454142408649987e+00;
-9.121184250907162e-01 3.290093020022084e+00;

-1.310802685419479e-02 -2.146535151660670e-01;
-7.016681200413899e-01 3.811667873197781e-01;
-5.081495128803575e-01 -6.399243006341411e-01;
1.970585979275401e-01 -4.938002413052333e-01;
-2.868172825521963e+00 1.454142408649987e+00;
-9.121184250907162e-01 3.290093020022084e+00;

5.377352315031962e-02 -1.969960829579100e-01;
-4.938529888513078e-01 2.970044874143413e-01;
-4.050185863879624e-01 -5.071581891459834e-01;
1.336490871133591e-01 -5.162978338699714e-01;
-2.868172825521963e+00 1.454142408649987e+00;
-9.121184250907162e-01 3.290093020022084e+00;

3.297347207345795e-01 -1.816292421044155e-01;
2.518988369709081e-01 -1.993974250970752e-01;
1.053190331478202e-01 -7.038841127506831e-02;
-1.326120508424778e-01 -5.533989246030365e-01;
-2.868172825521963e+00 1.454142408649987e+00;
-9.121184250907162e-01 3.290093020022084e+00;

3.007888992186397e-01 9.527091630531395e-01;
1.450180836488788e-01 -6.366626206535999e-01;
-3.758911478060387e-01 -7.719717877175664e-02;
-5.432949110826726e-01 -1.836113060839548e-01;
-2.868172825521963e+00 1.454142408649987e+00;
-9.121184250907162e-01 3.290093020022084e+00;

-5.390605312032977e-01 -9.433234586339180e-01;
6.367486783341826e-01 -5.527046901018240e-01;
-6.174457552854966e-01 -8.749043521988982e-01;
9.781504162938222e-01 -1.445245352231704e-01;
-2.868172825521963e+00 1.454142408649987e+00;
-9.121184250907162e-01 3.290093020022084e+00;

-2.445151067863019e-01 2.639953787266786e-01;
3.555983824758107e-01 -6.543120717610921e-01;
-5.594620616436043e-01 -3.787970309871522e-01;
8.487825508630660e-02 -3.287352639202264e-01;
-2.868172825521963e+00 1.454142408649987e+00;
-9.121184250907162e-01 3.290093020022084e+00;

3.990194423904379e-01 2.752634180877445e-01;
2.091575121310060e-01 -5.611838256437847e-01;
8.938521520329258e-02 -2.265349728451140e-01;
-4.672091342446701e-01 -2.079570721682597e-01;
-2.868172825521963e+00 1.454142408649987e+00;
-9.121184250907162e-01 3.290093020022084e+00;

9.204772111001013e-01 -7.777872361008600e-01;
5.175113706752501e-01 -4.007793599521603e-01;
-5.043539258993024e-01 1.141772004314256e-01;
1.276794194783488e+00 1.282318539961171e-01;
-2.868172825521963e+00 1.454142408649987e+00;
-9.121184250907162e-01 3.290093020022084e+00;

2.636807775179175e-01 1.061498382504980e-01;
2.599656727520179e-01 -6.002132265703904e-01;
1.000814597610357e-01 -1.008076133785678e-01;
-2.752519164367760e-01 -4.731623124419193e-01;
-2.868172825521963e+00 1.454142408649987e+00;
-9.121184250907162e-01 3.290093020022084e+00;

1.563306499794948e-02 2.310173903329296e-01;
2.506415985916284e-01 -5.985677059162773e-01;
-2.405976912333733e-03 -4.862923425382347e-01;
-4.821772174906557e-01 -2.504359438140913e-01;
-2.868172825521963e+00 1.454142408649987e+00;
-9.121184250907162e-01 3.290093020022084e+00;

3.889451195131948e+00 2.182675305503001e+00;
-1.868080519633884e-02 -2.727771906526129e-01;
-2.006975862317748e+00 2.525968125549430e+00;
1.460314840750189e+00 1.268011237814385e+00;
-2.868172825521963e+00 1.454142408649987e+00;
-9.121184250907162e-01 3.290093020022084e+00;

2.374437763979988e-01 -4.137683321366913e-02;
2.717185005998616e-01 -5.715941137444882e-01;
2.009266811066966e-01 -2.752991890302797e-01;
-3.282592141914517e-01 -3.776259768109571e-01;
-2.868172825521963e+00 1.454142408649987e+00;
-9.121184250907162e-01 3.290093020022084e+00;

8.194257638507122e-01 -7.075672774616864e-01;
-7.524841943635754e-01 2.272873924490369e-01;
1.713359041624222e-01 -3.916801376662826e-01;
2.440962092365000e-01 -2.971926816283950e-01;
-2.868172825521963e+00 1.454142408649987e+00;
-9.121184250907162e-01 3.290093020022084e+00;

3.284165933042171e-01 -8.548766268809284e-01;
-4.413695741204098e-01 7.543720712936016e-01;
1.558792394166774e-01 -5.891524901449910e-01;
-8.979791946354786e-04 -5.462597112508810e-01;
-2.868172825521963e+00 1.454142408649987e+00;
-9.121184250907162e-01 3.290093020022084e+00;

7.308034721853627e-01 -4.207212116391394e-01;
-4.423143642898682e-01 4.761362286308079e-02;
5.561519960933253e-02 -3.835744382279883e-01;
9.705996806522083e-02 -1.549091045056552e-01;
-2.868172825521963e+00 1.454142408649987e+00;
-9.121184250907162e-01 3.290093020022084e+00;

8.565890116264879e-01 8.623421749093736e-02;
-1.373910510398527e-01 -7.432771895201327e-01;
3.156877127777318e-01 -2.216620535498052e-01;
-3.301572334668749e-01 6.039033815159826e-03;
-2.868172825521963e+00 1.454142408649987e+00;
-9.121184250907162e-01 3.290093020022084e+00;

-3.181075726172773e-01 -1.763519777443171e-01;
3.980731958625192e-01 9.986999408990241e-01;
-6.846321426462043e-01 -1.259763575043467e+00;
-3.731443193149422e-01 2.601704475411694e-01;
-2.868172825521963e+00 1.454142408649987e+00;
-9.121184250907162e-01 3.290093020022084e+00;

8.695981759329633e-01 -1.667961464252258e-01;
-4.799565733674412e-01 -5.706538701058016e-01;
4.957794287049166e-01 -4.658919816158444e-01;
-3.844092917506929e-01 6.092465719909142e-03;
-2.868172825521963e+00 1.454142408649987e+00;
-9.121184250907162e-01 3.290093020022084e+00;

-4.027855167309309e-01 4.843056961631233e-01;
1.683981743801085e+00 -1.688682342033877e-01;
1.040914181106816e-01 8.270715845952327e-02;
-1.062073239655261e+00 -7.872230614418974e-01;
-2.868172825521963e+00 1.454142408649987e+00;
-9.121184250907162e-01 3.290093020022084e+00;

9.671967766679871e-01 -6.513060416001982e-01;
-5.468731223068432e-01 1.379304340496888e-01;
-1.249802627666035e-02 1.613659996629337e-01;
6.343349546227728e-01 -5.591470807833194e-01;
-2.868172825521963e+00 1.454142408649987e+00;
-9.121184250907162e-01 3.290093020022084e+00;

4.046213776540347e-01 -3.288264898327767e-01;
2.732173651365080e-01 1.666183399211776e-01;
3.425940438143762e-02 1.403796308621334e-01;
3.942908708880494e-02 -7.466203561625042e-01;
-2.868172825521963e+00 1.454142408649987e+00;
-9.121184250907162e-01 3.290093020022084e+00;

-1.534602919510787e-01 -3.128408685610959e-01;
-5.607967369036077e-03 3.144933643084347e-01;
-1.850795374675601e-01 -5.262388452331175e-01;
-1.107306198500542e-01 -6.207424144925584e-01;
-2.868172825521963e+00 1.454142408649987e+00;
-9.121184250907162e-01 3.290093020022084e+00;

1.106985270613560e-01 -6.213843843856036e-01;
-5.841514063193082e-01 1.506928988080092e-01;
-9.856674588862299e-02 -4.267770434246969e-01;
3.328958182517363e-01 -7.429890528428890e-01;
-2.868172825521963e+00 1.454142408649987e+00;
-9.121184250907162e-01 3.290093020022084e+00;

1.891743287758951e-01 -1.426468558821323e-01;
1.074242066607274e-02 -2.516188484327457e-01;
-2.559928948530741e-01 -4.243184952696581e-01;
1.030930431854748e-01 -2.437323332221863e-01;
-2.868172825521963e+00 1.454142408649987e+00;
-9.121184250907162e-01 3.290093020022084e+00;

-1.389519858258641e-01 -5.060318146315336e-01;
7.241241935460241e-03 1.612193200761198e-01;
7.595539513478251e-03 -6.524618787762926e-01;
-1.213572613171144e-01 -5.506933355934328e-01;
-2.868172825521963e+00 1.454142408649987e+00;
-9.121184250907162e-01 3.290093020022084e+00;

-3.727656341620809e-01 -1.294827309504089e+00;
-6.107174866271016e-01 4.627510741606960e-01;
4.006992988783438e-01 -9.561727969803291e-01;
5.468401652613795e-02 -1.016199966706749e+00;
-2.868172825521963e+00 1.454142408649987e+00;
-9.121184250907162e-01 3.290093020022084e+00;

2.273237583344579e-01 -2.957701535559049e-01;
1.300409817630693e-01 -1.697049906716649e-01;
-3.088621164818434e-02 -4.003742631635493e-01;
-2.187823502730635e-02 -3.153758130912013e-01;
-2.868172825521963e+00 1.454142408649987e+00;
-9.121184250907162e-01 3.290093020022084e+00;

-1.881130707611333e-01 -7.899480023730124e-02;
-3.472995774370825e-02 4.999046544947401e-01;
-4.306782585780902e-01 -3.895696313386636e-01;
-9.163510760508708e-02 -7.050605613965064e-01;
-2.868172825521963e+00 1.454142408649987e+00;
-9.121184250907162e-01 3.290093020022084e+00;

-5.953044327085364e-02 -9.866464814826460e-01;
-6.249708641292735e-01 2.973580302192412e-01;
1.876372091784704e-01 -6.346467641742948e-01;
2.246311743499185e-01 -8.985715887220914e-01;
-2.868172825521963e+00 1.454142408649987e+00;
-9.121184250907162e-01 3.290093020022084e+00;

4.920945512582763e-01 -2.058633136284765e-01;
-3.216609325536308e-02 2.889487207334803e-02;
-1.063064074142820e-01 -6.403109697037723e-03;
1.230283935791423e-01 -5.255045868184628e-01;
-2.868172825521963e+00 1.454142408649987e+00;
-9.121184250907162e-01 3.290093020022084e+00;

