point cloud with 3548 points in dimension 6
distance matrix with 3548 points
value range: [0.0986385,3.46407]
persistence intervals in dim 0:
 [0,0.0986385)
 [0,0.10025)
 [0,0.10047)
 [0,0.101007)
 [0,0.102353)
 [0,0.102572)
 [0,0.102644)
 [0,0.10274)
 [0,0.102952)
 [0,0.102985)
 [0,0.103242)
 [0,0.103284)
 [0,0.103378)
 [0,0.103756)
 [0,0.104248)
 [0,0.104515)
 [0,0.104609)
 [0,0.104635)
 [0,0.104705)
 [0,0.104811)
 [0,0.105258)
 [0,0.105262)
 [0,0.105312)
 [0,0.105679)
 [0,0.105727)
 [0,0.105776)
 [0,0.105797)
 [0,0.105825)
 [0,0.106009)
 [0,0.106045)
 [0,0.106062)
 [0,0.106064)
 [0,0.106243)
 [0,0.106496)
 [0,0.106518)
 [0,0.106617)
 [0,0.106885)
 [0,0.106967)
 [0,0.107089)
 [0,0.107092)
 [0,0.107102)
 [0,0.107105)
 [0,0.107331)
 [0,0.107331)
 [0,0.107472)
 [0,0.107497)
 [0,0.107535)
 [0,0.107635)
 [0,0.107638)
 [0,0.107648)
 [0,0.107724)
 [0,0.107729)
 [0,0.107784)
 [0,0.107849)
 [0,0.107886)
 [0,0.107892)
 [0,0.107983)
 [0,0.108113)
 [0,0.108133)
 [0,0.108138)
 [0,0.108154)
 [0,0.108197)
 [0,0.108278)
 [0,0.108321)
 [0,0.10851)
 [0,0.108825)
 [0,0.108844)
 [0,0.109254)
 [0,0.109291)
 [0,0.109406)
 [0,0.109463)
 [0,0.109681)
 [0,0.109739)
 [0,0.109752)
 [0,0.109765)
 [0,0.109854)
 [0,0.109952)
 [0,0.109982)
 [0,0.110146)
 [0,0.110317)
 [0,0.110352)
 [0,0.110542)
 [0,0.1107)
 [0,0.110719)
 [0,0.110759)
 [0,0.110821)
 [0,0.110867)
 [0,0.110879)
 [0,0.110951)
 [0,0.110966)
 [0,0.110975)
 [0,0.111002)
 [0,0.111005)
 [0,0.111021)
 [0,0.11103)
 [0,0.111047)
 [0,0.111083)
 [0,0.111185)
 [0,0.111279)
 [0,0.11129)
 [0,0.111316)
 [0,0.111383)
 [0,0.111392)
 [0,0.111544)
 [0,0.111646)
 [0,0.111685)
 [0,0.111745)
 [0,0.111769)
 [0,0.111924)
 [0,0.111955)
 [0,0.112055)
 [0,0.11206)
 [0,0.112075)
 [0,0.112108)
 [0,0.112114)
 [0,0.112202)
 [0,0.112212)
 [0,0.112229)
 [0,0.112304)
 [0,0.11234)
 [0,0.112345)
 [0,0.11249)
 [0,0.112493)
 [0,0.112514)
 [0,0.112576)
 [0,0.112602)
 [0,0.112712)
 [0,0.112722)
 [0,0.112722)
 [0,0.112742)
 [0,0.112796)
 [0,0.112807)
 [0,0.112874)
 [0,0.112888)
 [0,0.112933)
 [0,0.113083)
 [0,0.113131)
 [0,0.113226)
 [0,0.11326)
 [0,0.113289)
 [0,0.113325)
 [0,0.113336)
 [0,0.113466)
 [0,0.113491)
 [0,0.113545)
 [0,0.113581)
 [0,0.113744)
 [0,0.113833)
 [0,0.113838)
 [0,0.113842)
 [0,0.113864)
 [0,0.113885)
 [0,0.113895)
 [0,0.113897)
 [0,0.114001)
 [0,0.114017)
 [0,0.114021)
 [0,0.114033)
 [0,0.114035)
 [0,0.114272)
 [0,0.114283)
 [0,0.114324)
 [0,0.114327)
 [0,0.114367)
 [0,0.114403)
 [0,0.114447)
 [0,0.11447)
 [0,0.114525)
 [0,0.114545)
 [0,0.114566)
 [0,0.114588)
 [0,0.114658)
 [0,0.114679)
 [0,0.114697)
 [0,0.1147)
 [0,0.114745)
 [0,0.114833)
 [0,0.11494)
 [0,0.11505)
 [0,0.115063)
 [0,0.115065)
 [0,0.11507)
 [0,0.115091)
 [0,0.115138)
 [0,0.11517)
 [0,0.115171)
 [0,0.115236)
 [0,0.115276)
 [0,0.115454)
 [0,0.11549)
 [0,0.115493)
 [0,0.115527)
 [0,0.115542)
 [0,0.115604)
 [0,0.115618)
 [0,0.115622)
 [0,0.115646)
 [0,0.115654)
 [0,0.115658)
 [0,0.115676)
 [0,0.115717)
 [0,0.115746)
 [0,0.115755)
 [0,0.115811)
 [0,0.115911)
 [0,0.115927)
 [0,0.11598)
 [0,0.116018)
 [0,0.116041)
 [0,0.116057)
 [0,0.116057)
 [0,0.116066)
 [0,0.11607)
 [0,0.116228)
 [0,0.116234)
 [0,0.116301)
 [0,0.116305)
 [0,0.116317)
 [0,0.116428)
 [0,0.116452)
 [0,0.116458)
 [0,0.116506)
 [0,0.116546)
 [0,0.116595)
 [0,0.116623)
 [0,0.116625)
 [0,0.116666)
 [0,0.116739)
 [0,0.116743)
 [0,0.116847)
 [0,0.116862)
 [0,0.116873)
 [0,0.116877)
 [0,0.116915)
 [0,0.116963)
 [0,0.117002)
 [0,0.117043)
 [0,0.117062)
 [0,0.117139)
 [0,0.117163)
 [0,0.117165)
 [0,0.11717)
 [0,0.117214)
 [0,0.117257)
 [0,0.117324)
 [0,0.117345)
 [0,0.117346)
 [0,0.117422)
 [0,0.117445)
 [0,0.117449)
 [0,0.117468)
 [0,0.117509)
 [0,0.117518)
 [0,0.117556)
 [0,0.117565)
 [0,0.117643)
 [0,0.11778)
 [0,0.117789)
 [0,0.117976)
 [0,0.118014)
 [0,0.118018)
 [0,0.118056)
 [0,0.118076)
 [0,0.118086)
 [0,0.118106)
 [0,0.118148)
 [0,0.118235)
 [0,0.118247)
 [0,0.118269)
 [0,0.118284)
 [0,0.11829)
 [0,0.118296)
 [0,0.118333)
 [0,0.118339)
 [0,0.118341)
 [0,0.118348)
 [0,0.118396)
 [0,0.11845)
 [0,0.11851)
 [0,0.118557)
 [0,0.118657)
 [0,0.118664)
 [0,0.118706)
 [0,0.118706)
 [0,0.118757)
 [0,0.118767)
 [0,0.118802)
 [0,0.118866)
 [0,0.118884)
 [0,0.118945)
 [0,0.118999)
 [0,0.119015)
 [0,0.119024)
 [0,0.119031)
 [0,0.119076)
 [0,0.119091)
 [0,0.119107)
 [0,0.119136)
 [0,0.119173)
 [0,0.11918)
 [0,0.1192)
 [0,0.119222)
 [0,0.119237)
 [0,0.119246)
 [0,0.119247)
 [0,0.119291)
 [0,0.1193)
 [0,0.119343)
 [0,0.119405)
 [0,0.119427)
 [0,0.119433)
 [0,0.119451)
 [0,0.119486)
 [0,0.119519)
 [0,0.119521)
 [0,0.119625)
 [0,0.119675)
 [0,0.119685)
 [0,0.119698)
 [0,0.119708)
 [0,0.119722)
 [0,0.119752)
 [0,0.119754)
 [0,0.119774)
 [0,0.119784)
 [0,0.119845)
 [0,0.11989)
 [0,0.11989)
 [0,0.119929)
 [0,0.11993)
 [0,0.119952)
 [0,0.119959)
 [0,0.119981)
 [0,0.120026)
 [0,0.120061)
 [0,0.120092)
 [0,0.120112)
 [0,0.120128)
 [0,0.120139)
 [0,0.12014)
 [0,0.120157)
 [0,0.120197)
 [0,0.120263)
 [0,0.120271)
 [0,0.120291)
 [0,0.120326)
 [0,0.120352)
 [0,0.120399)
 [0,0.120437)
 [0,0.120453)
 [0,0.12046)
 [0,0.120531)
 [0,0.12054)
 [0,0.120573)
 [0,0.1206)
 [0,0.120602)
 [0,0.12061)
 [0,0.120688)
 [0,0.120691)
 [0,0.120738)
 [0,0.120793)
 [0,0.120806)
 [0,0.120861)
 [0,0.120875)
 [0,0.12095)
 [0,0.120979)
 [0,0.120984)
 [0,0.121056)
 [0,0.121062)
 [0,0.121082)
 [0,0.12114)
 [0,0.121172)
 [0,0.121193)
 [0,0.121208)
 [0,0.121208)
 [0,0.121244)
 [0,0.121378)
 [0,0.12138)
 [0,0.121407)
 [0,0.12145)
 [0,0.121496)
 [0,0.121497)
 [0,0.12152)
 [0,0.121526)
 [0,0.12157)
 [0,0.12159)
 [0,0.121604)
 [0,0.121635)
 [0,0.121636)
 [0,0.121655)
 [0,0.121676)
 [0,0.121679)
 [0,0.121694)
 [0,0.121696)
 [0,0.121698)
 [0,0.121699)
 [0,0.121702)
 [0,0.121711)
 [0,0.121751)
 [0,0.121799)
 [0,0.121805)
 [0,0.121821)
 [0,0.12185)
 [0,0.12185)
 [0,0.121874)
 [0,0.121879)
 [0,0.121881)
 [0,0.121918)
 [0,0.12192)
 [0,0.121932)
 [0,0.121983)
 [0,0.121991)
 [0,0.122016)
 [0,0.122022)
 [0,0.122042)
 [0,0.122098)
 [0,0.122109)
 [0,0.12211)
 [0,0.122177)
 [0,0.122178)
 [0,0.122189)
 [0,0.122228)
 [0,0.122261)
 [0,0.122276)
 [0,0.122285)
 [0,0.122348)
 [0,0.122477)
 [0,0.12252)
 [0,0.122524)
 [0,0.122544)
 [0,0.12258)
 [0,0.122596)
 [0,0.122597)
 [0,0.122604)
 [0,0.12262)
 [0,0.122633)
 [0,0.122653)
 [0,0.122732)
 [0,0.122808)
 [0,0.122815)
 [0,0.122882)
 [0,0.122896)
 [0,0.122902)
 [0,0.12293)
 [0,0.122934)
 [0,0.122936)
 [0,0.122955)
 [0,0.122976)
 [0,0.122997)
 [0,0.123006)
 [0,0.123015)
 [0,0.123049)
 [0,0.123065)
 [0,0.123086)
 [0,0.123099)
 [0,0.12311)
 [0,0.123112)
 [0,0.123162)
 [0,0.12318)
 [0,0.123195)
 [0,0.123208)
 [0,0.123214)
 [0,0.123218)
 [0,0.123238)
 [0,0.123332)
 [0,0.12334)
 [0,0.123344)
 [0,0.123363)
 [0,0.12337)
 [0,0.123379)
 [0,0.12341)
 [0,0.12353)
 [0,0.123562)
 [0,0.123666)
 [0,0.123691)
 [0,0.123694)
 [0,0.123723)
 [0,0.123741)
 [0,0.12376)
 [0,0.123776)
 [0,0.123781)
 [0,0.123782)
 [0,0.123786)
 [0,0.123805)
 [0,0.123812)
 [0,0.123814)
 [0,0.123822)
 [0,0.123833)
 [0,0.123886)
 [0,0.123934)
 [0,0.124001)
 [0,0.124008)
 [0,0.124009)
 [0,0.124062)
 [0,0.124068)
 [0,0.124105)
 [0,0.124109)
 [0,0.124152)
 [0,0.124162)
 [0,0.124166)
 [0,0.12417)
 [0,0.124203)
 [0,0.124218)
 [0,0.124223)
 [0,0.124239)
 [0,0.124301)
 [0,0.124317)
 [0,0.124414)
 [0,0.124417)
 [0,0.124444)
 [0,0.12446)
 [0,0.124465)
 [0,0.124497)
 [0,0.1245)
 [0,0.12451)
 [0,0.12454)
 [0,0.124566)
 [0,0.124585)
 [0,0.124624)
 [0,0.124632)
 [0,0.124645)
 [0,0.124755)
 [0,0.124766)
 [0,0.124784)
 [0,0.124808)
 [0,0.124811)
 [0,0.124829)
 [0,0.124863)
 [0,0.124943)
 [0,0.12495)
 [0,0.12499)
 [0,0.124998)
 [0,0.125004)
 [0,0.125032)
 [0,0.125033)
 [0,0.125063)
 [0,0.125091)
 [0,0.125128)
 [0,0.125176)
 [0,0.125199)
 [0,0.12522)
 [0,0.12523)
 [0,0.125272)
 [0,0.125273)
 [0,0.125282)
 [0,0.125292)
 [0,0.125302)
 [0,0.125305)
 [0,0.125311)
 [0,0.125319)
 [0,0.125337)
 [0,0.125368)
 [0,0.12538)
 [0,0.125424)
 [0,0.125445)
 [0,0.125452)
 [0,0.125456)
 [0,0.125486)
 [0,0.125579)
 [0,0.125583)
 [0,0.125598)
 [0,0.125603)
 [0,0.12561)
 [0,0.125627)
 [0,0.125718)
 [0,0.125724)
 [0,0.125752)
 [0,0.125806)
 [0,0.125809)
 [0,0.125814)
 [0,0.12584)
 [0,0.125924)
 [0,0.125948)
 [0,0.12599)
 [0,0.126021)
 [0,0.126065)
 [0,0.126088)
 [0,0.126118)
 [0,0.126135)
 [0,0.126157)
 [0,0.126162)
 [0,0.126164)
 [0,0.12617)
 [0,0.126231)
 [0,0.126247)
 [0,0.126281)
 [0,0.126299)
 [0,0.126303)
 [0,0.126312)
 [0,0.12634)
 [0,0.12637)
 [0,0.126378)
 [0,0.126391)
 [0,0.126435)
 [0,0.126451)
 [0,0.126452)
 [0,0.126512)
 [0,0.126513)
 [0,0.126516)
 [0,0.12653)
 [0,0.126567)
 [0,0.126573)
 [0,0.126583)
 [0,0.12659)
 [0,0.126593)
 [0,0.126621)
 [0,0.126645)
 [0,0.126651)
 [0,0.12667)
 [0,0.12668)
 [0,0.12668)
 [0,0.126693)
 [0,0.126713)
 [0,0.126772)
 [0,0.126775)
 [0,0.126798)
 [0,0.126848)
 [0,0.126857)
 [0,0.126859)
 [0,0.126866)
 [0,0.126874)
 [0,0.126887)
 [0,0.126945)
 [0,0.126949)
 [0,0.12696)
 [0,0.126965)
 [0,0.126985)
 [0,0.126994)
 [0,0.127007)
 [0,0.127033)
 [0,0.127062)
 [0,0.127077)
 [0,0.127089)
 [0,0.127136)
 [0,0.127219)
 [0,0.127241)
 [0,0.127252)
 [0,0.127278)
 [0,0.127283)
 [0,0.127284)
 [0,0.127293)
 [0,0.127307)
 [0,0.127325)
 [0,0.127362)
 [0,0.127404)
 [0,0.127414)
 [0,0.127425)
 [0,0.127442)
 [0,0.127467)
 [0,0.12747)
 [0,0.127591)
 [0,0.127608)
 [0,0.127616)
 [0,0.127617)
 [0,0.127621)
 [0,0.127627)
 [0,0.127679)
 [0,0.127683)
 [0,0.127692)
 [0,0.127697)
 [0,0.127729)
 [0,0.127763)
 [0,0.127791)
 [0,0.127802)
 [0,0.127812)
 [0,0.127828)
 [0,0.127836)
 [0,0.127841)
 [0,0.127845)
 [0,0.127847)
 [0,0.127868)
 [0,0.127927)
 [0,0.12793)
 [0,0.127942)
 [0,0.127943)
 [0,0.127951)
 [0,0.127954)
 [0,0.127959)
 [0,0.128031)
 [0,0.128067)
 [0,0.128068)
 [0,0.128092)
 [0,0.128095)
 [0,0.128097)
 [0,0.128113)
 [0,0.128152)
 [0,0.128176)
 [0,0.128177)
 [0,0.128192)
 [0,0.128211)
 [0,0.128272)
 [0,0.128287)
 [0,0.128309)
 [0,0.128319)
 [0,0.128329)
 [0,0.12836)
 [0,0.128453)
 [0,0.128459)
 [0,0.128473)
 [0,0.12849)
 [0,0.128515)
 [0,0.128524)
 [0,0.128532)
 [0,0.128539)
 [0,0.128541)
 [0,0.128551)
 [0,0.128557)
 [0,0.128601)
 [0,0.128613)
 [0,0.128627)
 [0,0.128636)
 [0,0.128659)
 [0,0.128707)
 [0,0.128721)
 [0,0.128754)
 [0,0.128762)
 [0,0.128762)
 [0,0.128798)
 [0,0.128837)
 [0,0.128875)
 [0,0.1289)
 [0,0.128936)
 [0,0.128953)
 [0,0.128956)
 [0,0.129034)
 [0,0.129034)
 [0,0.129035)
 [0,0.129045)
 [0,0.129063)
 [0,0.129074)
 [0,0.129088)
 [0,0.129089)
 [0,0.129092)
 [0,0.129092)
 [0,0.129118)
 [0,0.129126)
 [0,0.129128)
 [0,0.129152)
 [0,0.129186)
 [0,0.129204)
 [0,0.129208)
 [0,0.129236)
 [0,0.129247)
 [0,0.129251)
 [0,0.129267)
 [0,0.129317)
 [0,0.129335)
 [0,0.129342)
 [0,0.129349)
 [0,0.12935)
 [0,0.129404)
 [0,0.129415)
 [0,0.129437)
 [0,0.12947)
 [0,0.129479)
 [0,0.129499)
 [0,0.129537)
 [0,0.12954)
 [0,0.129569)
 [0,0.129592)
 [0,0.129606)
 [0,0.129633)
 [0,0.129649)
 [0,0.129726)
 [0,0.129741)
 [0,0.129744)
 [0,0.129749)
 [0,0.129751)
 [0,0.129754)
 [0,0.129759)
 [0,0.129764)
 [0,0.129771)
 [0,0.129793)
 [0,0.129813)
 [0,0.129841)
 [0,0.129842)
 [0,0.12985)
 [0,0.129853)
 [0,0.129855)
 [0,0.129869)
 [0,0.129885)
 [0,0.129889)
 [0,0.129903)
 [0,0.129928)
 [0,0.129929)
 [0,0.12994)
 [0,0.129959)
 [0,0.130009)
 [0,0.13001)
 [0,0.130033)
 [0,0.130076)
 [0,0.130077)
 [0,0.130085)
 [0,0.130099)
 [0,0.130109)
 [0,0.130116)
 [0,0.13012)
 [0,0.130123)
 [0,0.130148)
 [0,0.130154)
 [0,0.130156)
 [0,0.130159)
 [0,0.130163)
 [0,0.130217)
 [0,0.130222)
 [0,0.130249)
 [0,0.13033)
 [0,0.130353)
 [0,0.130356)
 [0,0.130397)
 [0,0.130409)
 [0,0.130429)
 [0,0.130465)
 [0,0.130468)
 [0,0.130468)
 [0,0.130469)
 [0,0.130482)
 [0,0.130487)
 [0,0.130517)
 [0,0.13056)
 [0,0.13059)
 [0,0.130597)
 [0,0.130606)
 [0,0.130623)
 [0,0.130626)
 [0,0.130636)
 [0,0.130671)
 [0,0.130701)
 [0,0.130701)
 [0,0.130704)
 [0,0.13071)
 [0,0.130732)
 [0,0.130735)
 [0,0.130769)
 [0,0.130782)
 [0,0.130783)
 [0,0.130789)
 [0,0.130814)
 [0,0.130831)
 [0,0.130845)
 [0,0.13085)
 [0,0.130871)
 [0,0.130878)
 [0,0.130894)
 [0,0.130905)
 [0,0.130917)
 [0,0.130919)
 [0,0.130942)
 [0,0.130947)
 [0,0.130967)
 [0,0.130981)
 [0,0.130994)
 [0,0.130996)
 [0,0.131025)
 [0,0.13104)
 [0,0.131077)
 [0,0.131077)
 [0,0.131091)
 [0,0.131093)
 [0,0.131135)
 [0,0.131146)
 [0,0.131156)
 [0,0.131157)
 [0,0.131169)
 [0,0.131196)
 [0,0.131221)
 [0,0.131226)
 [0,0.131247)
 [0,0.131279)
 [0,0.131288)
 [0,0.131291)
 [0,0.131333)
 [0,0.13134)
 [0,0.131363)
 [0,0.131373)
 [0,0.131395)
 [0,0.131398)
 [0,0.131401)
 [0,0.131405)
 [0,0.131423)
 [0,0.131429)
 [0,0.131436)
 [0,0.13144)
 [0,0.131442)
 [0,0.131507)
 [0,0.131574)
 [0,0.131592)
 [0,0.131615)
 [0,0.131619)
 [0,0.131639)
 [0,0.131643)
 [0,0.131651)
 [0,0.131663)
 [0,0.131663)
 [0,0.131664)
 [0,0.131728)
 [0,0.131737)
 [0,0.131746)
 [0,0.131765)
 [0,0.131786)
 [0,0.131788)
 [0,0.131808)
 [0,0.131817)
 [0,0.131833)
 [0,0.131834)
 [0,0.13186)
 [0,0.131865)
 [0,0.131878)
 [0,0.131893)
 [0,0.131913)
 [0,0.131918)
 [0,0.13192)
 [0,0.131927)
 [0,0.131932)
 [0,0.131943)
 [0,0.131965)
 [0,0.131972)
 [0,0.131998)
 [0,0.132025)
 [0,0.132026)
 [0,0.132031)
 [0,0.132047)
 [0,0.132051)
 [0,0.132055)
 [0,0.132108)
 [0,0.13211)
 [0,0.132119)
 [0,0.132136)
 [0,0.132146)
 [0,0.132155)
 [0,0.132157)
 [0,0.132158)
 [0,0.132182)
 [0,0.132192)
 [0,0.132202)
 [0,0.132229)
 [0,0.132278)
 [0,0.132285)
 [0,0.132427)
 [0,0.13245)
 [0,0.132474)
 [0,0.132488)
 [0,0.132498)
 [0,0.132539)
 [0,0.132547)
 [0,0.132595)
 [0,0.132625)
 [0,0.132642)
 [0,0.132643)
 [0,0.132647)
 [0,0.132648)
 [0,0.132656)
 [0,0.132666)
 [0,0.132675)
 [0,0.132678)
 [0,0.132682)
 [0,0.132687)
 [0,0.132692)
 [0,0.132701)
 [0,0.132704)
 [0,0.132846)
 [0,0.132851)
 [0,0.132871)
 [0,0.132878)
 [0,0.132886)
 [0,0.132895)
 [0,0.132929)
 [0,0.132969)
 [0,0.132976)
 [0,0.132982)
 [0,0.132996)
 [0,0.133015)
 [0,0.13304)
 [0,0.133044)
 [0,0.133057)
 [0,0.133088)
 [0,0.13309)
 [0,0.133092)
 [0,0.13311)
 [0,0.133133)
 [0,0.133172)
 [0,0.133195)
 [0,0.133208)
 [0,0.133213)
 [0,0.133215)
 [0,0.133243)
 [0,0.133253)
 [0,0.13326)
 [0,0.13327)
 [0,0.133279)
 [0,0.133294)
 [0,0.133301)
 [0,0.13332)
 [0,0.133324)
 [0,0.133336)
 [0,0.133347)
 [0,0.133353)
 [0,0.133368)
 [0,0.133398)
 [0,0.133432)
 [0,0.13346)
 [0,0.13348)
 [0,0.133484)
 [0,0.133514)
 [0,0.133539)
 [0,0.133548)
 [0,0.133551)
 [0,0.133552)
 [0,0.133576)
 [0,0.133625)
 [0,0.133629)
 [0,0.133629)
 [0,0.133633)
 [0,0.133652)
 [0,0.13368)
 [0,0.133682)
 [0,0.133717)
 [0,0.133729)
 [0,0.133736)
 [0,0.133747)
 [0,0.133764)
 [0,0.133788)
 [0,0.133804)
 [0,0.133834)
 [0,0.133839)
 [0,0.133842)
 [0,0.133843)
 [0,0.133867)
 [0,0.133897)
 [0,0.133897)
 [0,0.133899)
 [0,0.133911)
 [0,0.133953)
 [0,0.133961)
 [0,0.133979)
 [0,0.133985)
 [0,0.134003)
 [0,0.134011)
 [0,0.134017)
 [0,0.134023)
 [0,0.134025)
 [0,0.134027)
 [0,0.134045)
 [0,0.134047)
 [0,0.134052)
 [0,0.134059)
 [0,0.134097)
 [0,0.134105)
 [0,0.13411)
 [0,0.134116)
 [0,0.134152)
 [0,0.13417)
 [0,0.134172)
 [0,0.134177)
 [0,0.134197)
 [0,0.134206)
 [0,0.134215)
 [0,0.134247)
 [0,0.134251)
 [0,0.134254)
 [0,0.134277)
 [0,0.134282)
 [0,0.134282)
 [0,0.134288)
 [0,0.134355)
 [0,0.134357)
 [0,0.134362)
 [0,0.134394)
 [0,0.1344)
 [0,0.1344)
 [0,0.134419)
 [0,0.134419)
 [0,0.134422)
 [0,0.134471)
 [0,0.134507)
 [0,0.134531)
 [0,0.134542)
 [0,0.134554)
 [0,0.134581)
 [0,0.134605)
 [0,0.134609)
 [0,0.134614)
 [0,0.134618)
 [0,0.134629)
 [0,0.13463)
 [0,0.134648)
 [0,0.134656)
 [0,0.134658)
 [0,0.134661)
 [0,0.134667)
 [0,0.134691)
 [0,0.13473)
 [0,0.134751)
 [0,0.13476)
 [0,0.13478)
 [0,0.134781)
 [0,0.13479)
 [0,0.134795)
 [0,0.134802)
 [0,0.134811)
 [0,0.134835)
 [0,0.134843)
 [0,0.134872)
 [0,0.134873)
 [0,0.134876)
 [0,0.13488)
 [0,0.134904)
 [0,0.134908)
 [0,0.134959)
 [0,0.134965)
 [0,0.134977)
 [0,0.134978)
 [0,0.135006)
 [0,0.135027)
 [0,0.135033)
 [0,0.135043)
 [0,0.135078)
 [0,0.13508)
 [0,0.135086)
 [0,0.135093)
 [0,0.1351)
 [0,0.135124)
 [0,0.135154)
 [0,0.135166)
 [0,0.135185)
 [0,0.135196)
 [0,0.135208)
 [0,0.13521)
 [0,0.135229)
 [0,0.135231)
 [0,0.13525)
 [0,0.135253)
 [0,0.135257)
 [0,0.135278)
 [0,0.135292)
 [0,0.135295)
 [0,0.135305)
 [0,0.135314)
 [0,0.135325)
 [0,0.135326)
 [0,0.135326)
 [0,0.135328)
 [0,0.135343)
 [0,0.13539)
 [0,0.135414)
 [0,0.135416)
 [0,0.135446)
 [0,0.135452)
 [0,0.135459)
 [0,0.13548)
 [0,0.13549)
 [0,0.135494)
 [0,0.135514)
 [0,0.135528)
 [0,0.135532)
 [0,0.13555)
 [0,0.135553)
 [0,0.135563)
 [0,0.135565)
 [0,0.135575)
 [0,0.135601)
 [0,0.135614)
 [0,0.135616)
 [0,0.135632)
 [0,0.135669)
 [0,0.13567)
 [0,0.13567)
 [0,0.13568)
 [0,0.135683)
 [0,0.135747)
 [0,0.135779)
 [0,0.135783)
 [0,0.135785)
 [0,0.135826)
 [0,0.135844)
 [0,0.135849)
 [0,0.135923)
 [0,0.135957)
 [0,0.135989)
 [0,0.135992)
 [0,0.135999)
 [0,0.135999)
 [0,0.13601)
 [0,0.136054)
 [0,0.136069)
 [0,0.136087)
 [0,0.13611)
 [0,0.136112)
 [0,0.136123)
 [0,0.136156)
 [0,0.136218)
 [0,0.136224)
 [0,0.136295)
 [0,0.136296)
 [0,0.136306)
 [0,0.136329)
 [0,0.136336)
 [0,0.136348)
 [0,0.136353)
 [0,0.136358)
 [0,0.136377)
 [0,0.13638)
 [0,0.136389)
 [0,0.136408)
 [0,0.13644)
 [0,0.136447)
 [0,0.136461)
 [0,0.136467)
 [0,0.136486)
 [0,0.13649)
 [0,0.136504)
 [0,0.136505)
 [0,0.136536)
 [0,0.136538)
 [0,0.13654)
 [0,0.13655)
 [0,0.136552)
 [0,0.136555)
 [0,0.136556)
 [0,0.136558)
 [0,0.136574)
 [0,0.136583)
 [0,0.136588)
 [0,0.136606)
 [0,0.136622)
 [0,0.136649)
 [0,0.136705)
 [0,0.136709)
 [0,0.136716)
 [0,0.136728)
 [0,0.136736)
 [0,0.136765)
 [0,0.136769)
 [0,0.136782)
 [0,0.136807)
 [0,0.136815)
 [0,0.136835)
 [0,0.136857)
 [0,0.136858)
 [0,0.136866)
 [0,0.136896)
 [0,0.136919)
 [0,0.136921)
 [0,0.136923)
 [0,0.136937)
 [0,0.136956)
 [0,0.136965)
 [0,0.136968)
 [0,0.13697)
 [0,0.136973)
 [0,0.136977)
 [0,0.136982)
 [0,0.137009)
 [0,0.137019)
 [0,0.137032)
 [0,0.137041)
 [0,0.137043)
 [0,0.137073)
 [0,0.137087)
 [0,0.137122)
 [0,0.137126)
 [0,0.137132)
 [0,0.137136)
 [0,0.13717)
 [0,0.137205)
 [0,0.13724)
 [0,0.137251)
 [0,0.137256)
 [0,0.137257)
 [0,0.137273)
 [0,0.137296)
 [0,0.137315)
 [0,0.137318)
 [0,0.137319)
 [0,0.137324)
 [0,0.137402)
 [0,0.137407)
 [0,0.137408)
 [0,0.137416)
 [0,0.137422)
 [0,0.137422)
 [0,0.137431)
 [0,0.137434)
 [0,0.137438)
 [0,0.137439)
 [0,0.137461)
 [0,0.137477)
 [0,0.137488)
 [0,0.137501)
 [0,0.137505)
 [0,0.137511)
 [0,0.137515)
 [0,0.137523)
 [0,0.137528)
 [0,0.137549)
 [0,0.137553)
 [0,0.137586)
 [0,0.137588)
 [0,0.137594)
 [0,0.137616)
 [0,0.137619)
 [0,0.137675)
 [0,0.137683)
 [0,0.137708)
 [0,0.137716)
 [0,0.137731)
 [0,0.137734)
 [0,0.137735)
 [0,0.137775)
 [0,0.137777)
 [0,0.137779)
 [0,0.13778)
 [0,0.137783)
 [0,0.137784)
 [0,0.137792)
 [0,0.137821)
 [0,0.137857)
 [0,0.137871)
 [0,0.137871)
 [0,0.137878)
 [0,0.13789)
 [0,0.137906)
 [0,0.137908)
 [0,0.137911)
 [0,0.137954)
 [0,0.137967)
 [0,0.137998)
 [0,0.138004)
 [0,0.138041)
 [0,0.138052)
 [0,0.138054)
 [0,0.138072)
 [0,0.138075)
 [0,0.138095)
 [0,0.138108)
 [0,0.138116)
 [0,0.13813)
 [0,0.138138)
 [0,0.138148)
 [0,0.138149)
 [0,0.138192)
 [0,0.138206)
 [0,0.13823)
 [0,0.138233)
 [0,0.138242)
 [0,0.13825)
 [0,0.138259)
 [0,0.138292)
 [0,0.138302)
 [0,0.138313)
 [0,0.138313)
 [0,0.138318)
 [0,0.138325)
 [0,0.138327)
 [0,0.13833)
 [0,0.138334)
 [0,0.138359)
 [0,0.138372)
 [0,0.138372)
 [0,0.138384)
 [0,0.138389)
 [0,0.138412)
 [0,0.138423)
 [0,0.138425)
 [0,0.138447)
 [0,0.138489)
 [0,0.138592)
 [0,0.138592)
 [0,0.138603)
 [0,0.13861)
 [0,0.138619)
 [0,0.138658)
 [0,0.138664)
 [0,0.138693)
 [0,0.138697)
 [0,0.138713)
 [0,0.138737)
 [0,0.138739)
 [0,0.138752)
 [0,0.138757)
 [0,0.13876)
 [0,0.13878)
 [0,0.138788)
 [0,0.138822)
 [0,0.138829)
 [0,0.138834)
 [0,0.138844)
 [0,0.138865)
 [0,0.138899)
 [0,0.138903)
 [0,0.13892)
 [0,0.138953)
 [0,0.138958)
 [0,0.138963)
 [0,0.138982)
 [0,0.138994)
 [0,0.138998)
 [0,0.139015)
 [0,0.139032)
 [0,0.139034)
 [0,0.139056)
 [0,0.139129)
 [0,0.139156)
 [0,0.139157)
 [0,0.139168)
 [0,0.139173)
 [0,0.139183)
 [0,0.139198)
 [0,0.139202)
 [0,0.139211)
 [0,0.139226)
 [0,0.139245)
 [0,0.139255)
 [0,0.13929)
 [0,0.1393)
 [0,0.13933)
 [0,0.139343)
 [0,0.139356)
 [0,0.139357)
 [0,0.139381)
 [0,0.13939)
 [0,0.139411)
 [0,0.139441)
 [0,0.139479)
 [0,0.139496)
 [0,0.139497)
 [0,0.139512)
 [0,0.139558)
 [0,0.13958)
 [0,0.139602)
 [0,0.139604)
 [0,0.139608)
 [0,0.139655)
 [0,0.139664)
 [0,0.139671)
 [0,0.139698)
 [0,0.13971)
 [0,0.139715)
 [0,0.139719)
 [0,0.139737)
 [0,0.13976)
 [0,0.13976)
 [0,0.139789)
 [0,0.139804)
 [0,0.139807)
 [0,0.139809)
 [0,0.139825)
 [0,0.139838)
 [0,0.139847)
 [0,0.139854)
 [0,0.139855)
 [0,0.139879)
 [0,0.139901)
 [0,0.139908)
 [0,0.139913)
 [0,0.139942)
 [0,0.139955)
 [0,0.139962)
 [0,0.139965)
 [0,0.139975)
 [0,0.139993)
 [0,0.140003)
 [0,0.14001)
 [0,0.14001)
 [0,0.140014)
 [0,0.140023)
 [0,0.140028)
 [0,0.140047)
 [0,0.140055)
 [0,0.140071)
 [0,0.140073)
 [0,0.140078)
 [0,0.140088)
 [0,0.140095)
 [0,0.140096)
 [0,0.140101)
 [0,0.140112)
 [0,0.140129)
 [0,0.140139)
 [0,0.140149)
 [0,0.140157)
 [0,0.140162)
 [0,0.140206)
 [0,0.140209)
 [0,0.140213)
 [0,0.140218)
 [0,0.140221)
 [0,0.140224)
 [0,0.140235)
 [0,0.140244)
 [0,0.140276)
 [0,0.14028)
 [0,0.140285)
 [0,0.140292)
 [0,0.140293)
 [0,0.140318)
 [0,0.140321)
 [0,0.14033)
 [0,0.140339)
 [0,0.140348)
 [0,0.140374)
 [0,0.140394)
 [0,0.140403)
 [0,0.140411)
 [0,0.140412)
 [0,0.14042)
 [0,0.140431)
 [0,0.140445)
 [0,0.140467)
 [0,0.140511)
 [0,0.140514)
 [0,0.140518)
 [0,0.140523)
 [0,0.140552)
 [0,0.140553)
 [0,0.140554)
 [0,0.140566)
 [0,0.140576)
 [0,0.140604)
 [0,0.140609)
 [0,0.140638)
 [0,0.140641)
 [0,0.140666)
 [0,0.140683)
 [0,0.140692)
 [0,0.140698)
 [0,0.1407)
 [0,0.14072)
 [0,0.140754)
 [0,0.140777)
 [0,0.140788)
 [0,0.140809)
 [0,0.140814)
 [0,0.140846)
 [0,0.140854)
 [0,0.140859)
 [0,0.140861)
 [0,0.140872)
 [0,0.140882)
 [0,0.140907)
 [0,0.140911)
 [0,0.140926)
 [0,0.140929)
 [0,0.140941)
 [0,0.140944)
 [0,0.140953)
 [0,0.140978)
 [0,0.140979)
 [0,0.141004)
 [0,0.141015)
 [0,0.141049)
 [0,0.141077)
 [0,0.141094)
 [0,0.141101)
 [0,0.141128)
 [0,0.141154)
 [0,0.14117)
 [0,0.141179)
 [0,0.141181)
 [0,0.141234)
 [0,0.141248)
 [0,0.141252)
 [0,0.141262)
 [0,0.141265)
 [0,0.141279)
 [0,0.141279)
 [0,0.141287)
 [0,0.141296)
 [0,0.141307)
 [0,0.141319)
 [0,0.141323)
 [0,0.141337)
 [0,0.141338)
 [0,0.141343)
 [0,0.141352)
 [0,0.141384)
 [0,0.141405)
 [0,0.14144)
 [0,0.141491)
 [0,0.141523)
 [0,0.141529)
 [0,0.141546)
 [0,0.141564)
 [0,0.141565)
 [0,0.141571)
 [0,0.141579)
 [0,0.141604)
 [0,0.141608)
 [0,0.141614)
 [0,0.141621)
 [0,0.141644)
 [0,0.141686)
 [0,0.141697)
 [0,0.141715)
 [0,0.141726)
 [0,0.14173)
 [0,0.141734)
 [0,0.141736)
 [0,0.141737)
 [0,0.141739)
 [0,0.141774)
 [0,0.141774)
 [0,0.141781)
 [0,0.141794)
 [0,0.141797)
 [0,0.141817)
 [0,0.141835)
 [0,0.141847)
 [0,0.141854)
 [0,0.141868)
 [0,0.141883)
 [0,0.141905)
 [0,0.141919)
 [0,0.141942)
 [0,0.14195)
 [0,0.141967)
 [0,0.141976)
 [0,0.141981)
 [0,0.142023)
 [0,0.142038)
 [0,0.142056)
 [0,0.142058)
 [0,0.142065)
 [0,0.142066)
 [0,0.142067)
 [0,0.14207)
 [0,0.142086)
 [0,0.142099)
 [0,0.142111)
 [0,0.142115)
 [0,0.142128)
 [0,0.14214)
 [0,0.14214)
 [0,0.142142)
 [0,0.142159)
 [0,0.14216)
 [0,0.142168)
 [0,0.142168)
 [0,0.142186)
 [0,0.142187)
 [0,0.142223)
 [0,0.142224)
 [0,0.142225)
 [0,0.142233)
 [0,0.14224)
 [0,0.142255)
 [0,0.142276)
 [0,0.142282)
 [0,0.142356)
 [0,0.142376)
 [0,0.142379)
 [0,0.14239)
 [0,0.142438)
 [0,0.14246)
 [0,0.142465)
 [0,0.142488)
 [0,0.142521)
 [0,0.142521)
 [0,0.142529)
 [0,0.142567)
 [0,0.142568)
 [0,0.142605)
 [0,0.142606)
 [0,0.142609)
 [0,0.142626)
 [0,0.142665)
 [0,0.142666)
 [0,0.142694)
 [0,0.142697)
 [0,0.142707)
 [0,0.142715)
 [0,0.142722)
 [0,0.142748)
 [0,0.142804)
 [0,0.142831)
 [0,0.14284)
 [0,0.142866)
 [0,0.142885)
 [0,0.142888)
 [0,0.14289)
 [0,0.14289)
 [0,0.142892)
 [0,0.142942)
 [0,0.142946)
 [0,0.142965)
 [0,0.142965)
 [0,0.142966)
 [0,0.142974)
 [0,0.142985)
 [0,0.142986)
 [0,0.142996)
 [0,0.143009)
 [0,0.143011)
 [0,0.143023)
 [0,0.143029)
 [0,0.143044)
 [0,0.143049)
 [0,0.143063)
 [0,0.143081)
 [0,0.143087)
 [0,0.143087)
 [0,0.143095)
 [0,0.143134)
 [0,0.143159)
 [0,0.143179)
 [0,0.143188)
 [0,0.143189)
 [0,0.143315)
 [0,0.143323)
 [0,0.143335)
 [0,0.143343)
 [0,0.14338)
 [0,0.143386)
 [0,0.143398)
 [0,0.143401)
 [0,0.143432)
 [0,0.143435)
 [0,0.143447)
 [0,0.14345)
 [0,0.143455)
 [0,0.14346)
 [0,0.14346)
 [0,0.143465)
 [0,0.143467)
 [0,0.143502)
 [0,0.143519)
 [0,0.143533)
 [0,0.143554)
 [0,0.143555)
 [0,0.143573)
 [0,0.143612)
 [0,0.143653)
 [0,0.143661)
 [0,0.143677)
 [0,0.143699)
 [0,0.143729)
 [0,0.143735)
 [0,0.143747)
 [0,0.143768)
 [0,0.14377)
 [0,0.143792)
 [0,0.143817)
 [0,0.143824)
 [0,0.143828)
 [0,0.14383)
 [0,0.143831)
 [0,0.143868)
 [0,0.143877)
 [0,0.143888)
 [0,0.143908)
 [0,0.143915)
 [0,0.143925)
 [0,0.143938)
 [0,0.143943)
 [0,0.143944)
 [0,0.143973)
 [0,0.143983)
 [0,0.144005)
 [0,0.144008)
 [0,0.144015)
 [0,0.144024)
 [0,0.144063)
 [0,0.14407)
 [0,0.144083)
 [0,0.144101)
 [0,0.144107)
 [0,0.144134)
 [0,0.144135)
 [0,0.144156)
 [0,0.144176)
 [0,0.144187)
 [0,0.144201)
 [0,0.144212)
 [0,0.14422)
 [0,0.144233)
 [0,0.144246)
 [0,0.144246)
 [0,0.144251)
 [0,0.14427)
 [0,0.144271)
 [0,0.144286)
 [0,0.14429)
 [0,0.144311)
 [0,0.144314)
 [0,0.14432)
 [0,0.144329)
 [0,0.144337)
 [0,0.14434)
 [0,0.144364)
 [0,0.144377)
 [0,0.14439)
 [0,0.144395)
 [0,0.144403)
 [0,0.144407)
 [0,0.144418)
 [0,0.144423)
 [0,0.144424)
 [0,0.144426)
 [0,0.144442)
 [0,0.144444)
 [0,0.144464)
 [0,0.144474)
 [0,0.144489)
 [0,0.144516)
 [0,0.144524)
 [0,0.144534)
 [0,0.144554)
 [0,0.144557)
 [0,0.144563)
 [0,0.144566)
 [0,0.144572)
 [0,0.144577)
 [0,0.144589)
 [0,0.144593)
 [0,0.144605)
 [0,0.144632)
 [0,0.144643)
 [0,0.144676)
 [0,0.144692)
 [0,0.144696)
 [0,0.144697)
 [0,0.144697)
 [0,0.144721)
 [0,0.144756)
 [0,0.144768)
 [0,0.14477)
 [0,0.144772)
 [0,0.144786)
 [0,0.144787)
 [0,0.144788)
 [0,0.144808)
 [0,0.144833)
 [0,0.144838)
 [0,0.144839)
 [0,0.14487)
 [0,0.144872)
 [0,0.144892)
 [0,0.1449)
 [0,0.14491)
 [0,0.14491)
 [0,0.144911)
 [0,0.144923)
 [0,0.144927)
 [0,0.144948)
 [0,0.14497)
 [0,0.144977)
 [0,0.14499)
 [0,0.145001)
 [0,0.145001)
 [0,0.145012)
 [0,0.145014)
 [0,0.145023)
 [0,0.145024)
 [0,0.145025)
 [0,0.145033)
 [0,0.145034)
 [0,0.145049)
 [0,0.145054)
 [0,0.145063)
 [0,0.145066)
 [0,0.145074)
 [0,0.145085)
 [0,0.145087)
 [0,0.145097)
 [0,0.145118)
 [0,0.145168)
 [0,0.145185)
 [0,0.145199)
 [0,0.145204)
 [0,0.145221)
 [0,0.145236)
 [0,0.145238)
 [0,0.145241)
 [0,0.145256)
 [0,0.145283)
 [0,0.145299)
 [0,0.145319)
 [0,0.14535)
 [0,0.145352)
 [0,0.145356)
 [0,0.145382)
 [0,0.145393)
 [0,0.145404)
 [0,0.145414)
 [0,0.145431)
 [0,0.14544)
 [0,0.145449)
 [0,0.145472)
 [0,0.145524)
 [0,0.14553)
 [0,0.145535)
 [0,0.145539)
 [0,0.145567)
 [0,0.145598)
 [0,0.145607)
 [0,0.145613)
 [0,0.14564)
 [0,0.145641)
 [0,0.145665)
 [0,0.145682)
 [0,0.145716)
 [0,0.145728)
 [0,0.145742)
 [0,0.145755)
 [0,0.145756)
 [0,0.145763)
 [0,0.145806)
 [0,0.145813)
 [0,0.145826)
 [0,0.145829)
 [0,0.14583)
 [0,0.145835)
 [0,0.145835)
 [0,0.145855)
 [0,0.145873)
 [0,0.145874)
 [0,0.145876)
 [0,0.145882)
 [0,0.145891)
 [0,0.145904)
 [0,0.145925)
 [0,0.145933)
 [0,0.145955)
 [0,0.145967)
 [0,0.145969)
 [0,0.145974)
 [0,0.14598)
 [0,0.146)
 [0,0.146021)
 [0,0.146029)
 [0,0.146032)
 [0,0.146051)
 [0,0.146065)
 [0,0.146079)
 [0,0.146083)
 [0,0.146084)
 [0,0.146086)
 [0,0.146099)
 [0,0.146136)
 [0,0.146153)
 [0,0.146194)
 [0,0.146194)
 [0,0.146212)
 [0,0.146223)
 [0,0.146234)
 [0,0.146246)
 [0,0.146257)
 [0,0.146273)
 [0,0.146304)
 [0,0.14633)
 [0,0.146339)
 [0,0.146362)
 [0,0.146374)
 [0,0.14641)
 [0,0.146418)
 [0,0.146422)
 [0,0.146432)
 [0,0.146434)
 [0,0.146458)
 [0,0.146464)
 [0,0.146474)
 [0,0.146502)
 [0,0.146504)
 [0,0.146527)
 [0,0.146567)
 [0,0.146573)
 [0,0.146577)
 [0,0.146591)
 [0,0.146594)
 [0,0.146605)
 [0,0.146623)
 [0,0.146665)
 [0,0.146669)
 [0,0.146697)
 [0,0.146707)
 [0,0.146738)
 [0,0.146748)
 [0,0.146762)
 [0,0.14678)
 [0,0.146781)
 [0,0.14681)
 [0,0.146811)
 [0,0.146819)
 [0,0.146829)
 [0,0.146829)
 [0,0.146834)
 [0,0.146847)
 [0,0.146865)
 [0,0.146886)
 [0,0.146893)
 [0,0.1469)
 [0,0.146907)
 [0,0.146912)
 [0,0.146933)
 [0,0.146953)
 [0,0.146963)
 [0,0.146999)
 [0,0.147011)
 [0,0.147018)
 [0,0.147019)
 [0,0.147045)
 [0,0.147046)
 [0,0.147054)
 [0,0.147062)
 [0,0.147071)
 [0,0.147099)
 [0,0.147124)
 [0,0.147131)
 [0,0.14714)
 [0,0.147147)
 [0,0.147156)
 [0,0.14719)
 [0,0.147194)
 [0,0.1472)
 [0,0.147202)
 [0,0.147235)
 [0,0.147247)
 [0,0.147248)
 [0,0.147294)
 [0,0.147304)
 [0,0.147322)
 [0,0.147332)
 [0,0.147351)
 [0,0.147385)
 [0,0.1474)
 [0,0.147425)
 [0,0.147429)
 [0,0.147442)
 [0,0.147443)
 [0,0.147444)
 [0,0.147445)
 [0,0.147457)
 [0,0.147459)
 [0,0.147461)
 [0,0.147474)
 [0,0.147489)
 [0,0.147493)
 [0,0.147499)
 [0,0.147522)
 [0,0.147523)
 [0,0.147525)
 [0,0.147545)
 [0,0.147555)
 [0,0.14756)
 [0,0.147561)
 [0,0.147576)
 [0,0.14759)
 [0,0.147594)
 [0,0.147624)
 [0,0.147626)
 [0,0.147636)
 [0,0.147644)
 [0,0.147662)
 [0,0.147664)
 [0,0.147704)
 [0,0.147705)
 [0,0.147708)
 [0,0.147712)
 [0,0.147716)
 [0,0.147716)
 [0,0.147744)
 [0,0.147755)
 [0,0.147771)
 [0,0.147797)
 [0,0.147848)
 [0,0.147851)
 [0,0.147855)
 [0,0.147874)
 [0,0.147876)
 [0,0.14788)
 [0,0.147889)
 [0,0.147911)
 [0,0.14792)
 [0,0.147921)
 [0,0.147925)
 [0,0.147949)
 [0,0.147966)
 [0,0.14797)
 [0,0.147974)
 [0,0.147995)
 [0,0.148003)
 [0,0.148019)
 [0,0.148037)
 [0,0.148058)
 [0,0.148069)
 [0,0.148073)
 [0,0.1481)
 [0,0.148138)
 [0,0.14814)
 [0,0.148148)
 [0,0.148151)
 [0,0.148152)
 [0,0.148153)
 [0,0.148176)
 [0,0.148188)
 [0,0.148205)
 [0,0.148224)
 [0,0.148242)
 [0,0.148261)
 [0,0.148294)
 [0,0.148298)
 [0,0.148332)
 [0,0.148337)
 [0,0.148338)
 [0,0.148341)
 [0,0.148351)
 [0,0.148374)
 [0,0.148387)
 [0,0.148426)
 [0,0.148427)
 [0,0.148432)
 [0,0.148437)
 [0,0.148439)
 [0,0.14844)
 [0,0.148455)
 [0,0.148487)
 [0,0.148489)
 [0,0.148491)
 [0,0.148516)
 [0,0.148522)
 [0,0.148529)
 [0,0.148548)
 [0,0.148552)
 [0,0.148552)
 [0,0.148576)
 [0,0.14861)
 [0,0.14862)
 [0,0.14865)
 [0,0.148695)
 [0,0.148703)
 [0,0.14871)
 [0,0.148711)
 [0,0.148732)
 [0,0.148735)
 [0,0.148765)
 [0,0.148767)
 [0,0.148769)
 [0,0.148774)
 [0,0.14883)
 [0,0.148842)
 [0,0.148843)
 [0,0.148852)
 [0,0.148859)
 [0,0.148859)
 [0,0.148861)
 [0,0.148875)
 [0,0.148878)
 [0,0.148882)
 [0,0.148893)
 [0,0.148899)
 [0,0.148915)
 [0,0.148968)
 [0,0.148969)
 [0,0.148972)
 [0,0.148979)
 [0,0.148983)
 [0,0.149001)
 [0,0.149027)
 [0,0.149072)
 [0,0.149117)
 [0,0.149122)
 [0,0.149126)
 [0,0.149143)
 [0,0.149145)
 [0,0.149154)
 [0,0.149164)
 [0,0.149167)
 [0,0.149202)
 [0,0.149215)
 [0,0.149222)
 [0,0.149233)
 [0,0.14924)
 [0,0.149256)
 [0,0.149256)
 [0,0.149258)
 [0,0.14926)
 [0,0.149284)
 [0,0.149284)
 [0,0.149294)
 [0,0.149308)
 [0,0.149309)
 [0,0.149322)
 [0,0.149378)
 [0,0.149379)
 [0,0.149384)
 [0,0.149394)
 [0,0.14941)
 [0,0.149415)
 [0,0.149446)
 [0,0.149463)
 [0,0.149499)
 [0,0.149514)
 [0,0.149526)
 [0,0.149576)
 [0,0.149592)
 [0,0.1496)
 [0,0.149601)
 [0,0.149602)
 [0,0.149613)
 [0,0.149619)
 [0,0.149631)
 [0,0.149633)
 [0,0.149642)
 [0,0.149645)
 [0,0.149649)
 [0,0.149711)
 [0,0.149712)
 [0,0.149742)
 [0,0.149751)
 [0,0.149773)
 [0,0.149784)
 [0,0.149794)
 [0,0.149806)
 [0,0.149826)
 [0,0.149826)
 [0,0.149831)
 [0,0.149833)
 [0,0.149854)
 [0,0.149859)
 [0,0.14987)
 [0,0.149918)
 [0,0.149922)
 [0,0.149934)
 [0,0.149937)
 [0,0.149952)
 [0,0.149977)
 [0,0.149982)
 [0,0.149987)
 [0,0.149998)
 [0,0.150025)
 [0,0.150032)
 [0,0.15006)
 [0,0.150066)
 [0,0.15011)
 [0,0.150132)
 [0,0.150135)
 [0,0.150143)
 [0,0.150153)
 [0,0.150154)
 [0,0.150164)
 [0,0.150167)
 [0,0.150175)
 [0,0.150177)
 [0,0.150182)
 [0,0.150225)
 [0,0.15024)
 [0,0.150258)
 [0,0.150267)
 [0,0.150272)
 [0,0.150283)
 [0,0.15029)
 [0,0.150296)
 [0,0.150311)
 [0,0.150395)
 [0,0.150401)
 [0,0.150419)
 [0,0.150429)
 [0,0.150446)
 [0,0.150479)
 [0,0.150506)
 [0,0.150512)
 [0,0.150526)
 [0,0.150563)
 [0,0.150564)
 [0,0.150567)
 [0,0.150577)
 [0,0.150582)
 [0,0.150659)
 [0,0.150668)
 [0,0.150668)
 [0,0.150693)
 [0,0.150704)
 [0,0.150704)
 [0,0.15071)
 [0,0.150715)
 [0,0.15074)
 [0,0.150741)
 [0,0.150745)
 [0,0.150757)
 [0,0.150758)
 [0,0.15077)
 [0,0.150778)
 [0,0.150789)
 [0,0.150806)
 [0,0.150818)
 [0,0.150834)
 [0,0.15089)
 [0,0.150899)
 [0,0.150905)
 [0,0.15092)
 [0,0.150935)
 [0,0.150946)
 [0,0.15095)
 [0,0.150951)
 [0,0.150952)
 [0,0.150987)
 [0,0.151009)
 [0,0.15101)
 [0,0.151027)
 [0,0.151051)
 [0,0.151053)
 [0,0.151055)
 [0,0.151141)
 [0,0.151149)
 [0,0.15116)
 [0,0.151166)
 [0,0.151181)
 [0,0.151185)
 [0,0.151202)
 [0,0.151226)
 [0,0.151246)
 [0,0.151256)
 [0,0.151269)
 [0,0.15127)
 [0,0.151274)
 [0,0.151343)
 [0,0.15135)
 [0,0.151353)
 [0,0.151355)
 [0,0.151369)
 [0,0.151396)
 [0,0.151403)
 [0,0.151431)
 [0,0.151438)
 [0,0.151445)
 [0,0.151451)
 [0,0.151453)
 [0,0.151461)
 [0,0.151462)
 [0,0.151469)
 [0,0.151475)
 [0,0.15149)
 [0,0.151493)
 [0,0.151502)
 [0,0.15154)
 [0,0.151568)
 [0,0.151572)
 [0,0.151583)
 [0,0.151604)
 [0,0.151657)
 [0,0.151673)
 [0,0.151687)
 [0,0.151701)
 [0,0.151718)
 [0,0.151743)
 [0,0.151757)
 [0,0.15176)
 [0,0.151762)
 [0,0.151802)
 [0,0.151806)
 [0,0.151813)
 [0,0.151873)
 [0,0.151874)
 [0,0.151875)
 [0,0.151882)
 [0,0.151884)
 [0,0.151891)
 [0,0.151895)
 [0,0.151897)
 [0,0.151905)
 [0,0.15191)
 [0,0.151928)
 [0,0.151946)
 [0,0.151955)
 [0,0.151993)
 [0,0.151994)
 [0,0.152031)
 [0,0.152032)
 [0,0.152035)
 [0,0.152061)
 [0,0.152085)
 [0,0.152102)
 [0,0.152135)
 [0,0.152137)
 [0,0.152143)
 [0,0.152163)
 [0,0.152173)
 [0,0.152197)
 [0,0.152202)
 [0,0.152239)
 [0,0.152243)
 [0,0.152244)
 [0,0.152254)
 [0,0.152263)
 [0,0.152264)
 [0,0.15227)
 [0,0.152319)
 [0,0.152323)
 [0,0.15234)
 [0,0.152341)
 [0,0.15236)
 [0,0.152368)
 [0,0.152378)
 [0,0.152402)
 [0,0.152421)
 [0,0.152443)
 [0,0.152494)
 [0,0.152507)
 [0,0.152524)
 [0,0.152538)
 [0,0.152565)
 [0,0.152569)
 [0,0.152574)
 [0,0.152579)
 [0,0.152585)
 [0,0.152601)
 [0,0.152624)
 [0,0.152636)
 [0,0.15264)
 [0,0.152698)
 [0,0.152707)
 [0,0.15272)
 [0,0.152725)
 [0,0.152755)
 [0,0.152787)
 [0,0.152799)
 [0,0.152801)
 [0,0.152812)
 [0,0.15282)
 [0,0.152836)
 [0,0.152852)
 [0,0.152852)
 [0,0.152853)
 [0,0.15286)
 [0,0.152869)
 [0,0.152885)
 [0,0.152889)
 [0,0.152906)
 [0,0.152921)
 [0,0.152921)
 [0,0.15294)
 [0,0.152976)
 [0,0.15298)
 [0,0.152985)
 [0,0.153003)
 [0,0.153004)
 [0,0.153025)
 [0,0.153033)
 [0,0.153126)
 [0,0.153129)
 [0,0.153136)
 [0,0.15314)
 [0,0.153147)
 [0,0.153148)
 [0,0.153149)
 [0,0.153151)
 [0,0.15316)
 [0,0.153193)
 [0,0.153196)
 [0,0.15322)
 [0,0.153225)
 [0,0.153234)
 [0,0.153246)
 [0,0.153268)
 [0,0.153301)
 [0,0.153328)
 [0,0.153341)
 [0,0.153346)
 [0,0.153352)
 [0,0.153383)
 [0,0.15344)
 [0,0.153441)
 [0,0.153457)
 [0,0.153458)
 [0,0.153463)
 [0,0.153463)
 [0,0.153477)
 [0,0.153493)
 [0,0.153514)
 [0,0.153525)
 [0,0.153571)
 [0,0.153605)
 [0,0.153609)
 [0,0.15361)
 [0,0.153627)
 [0,0.153627)
 [0,0.153631)
 [0,0.153637)
 [0,0.153639)
 [0,0.153646)
 [0,0.153656)
 [0,0.153682)
 [0,0.153695)
 [0,0.153723)
 [0,0.153744)
 [0,0.153746)
 [0,0.153752)
 [0,0.153757)
 [0,0.15377)
 [0,0.153771)
 [0,0.153798)
 [0,0.153821)
 [0,0.153906)
 [0,0.153908)
 [0,0.153917)
 [0,0.15393)
 [0,0.153935)
 [0,0.153941)
 [0,0.154011)
 [0,0.154017)
 [0,0.15402)
 [0,0.154036)
 [0,0.154054)
 [0,0.154066)
 [0,0.154082)
 [0,0.154095)
 [0,0.154139)
 [0,0.154145)
 [0,0.154151)
 [0,0.154154)
 [0,0.154158)
 [0,0.154204)
 [0,0.15422)
 [0,0.154276)
 [0,0.154291)
 [0,0.154323)
 [0,0.154334)
 [0,0.154351)
 [0,0.154426)
 [0,0.154432)
 [0,0.15445)
 [0,0.154463)
 [0,0.154466)
 [0,0.154473)
 [0,0.154492)
 [0,0.154507)
 [0,0.154515)
 [0,0.154515)
 [0,0.154537)
 [0,0.154554)
 [0,0.154564)
 [0,0.154569)
 [0,0.154587)
 [0,0.154594)
 [0,0.154608)
 [0,0.15461)
 [0,0.154636)
 [0,0.154667)
 [0,0.154688)
 [0,0.154691)
 [0,0.154695)
 [0,0.154697)
 [0,0.154701)
 [0,0.154716)
 [0,0.154718)
 [0,0.154744)
 [0,0.154747)
 [0,0.154784)
 [0,0.154802)
 [0,0.154803)
 [0,0.154805)
 [0,0.154841)
 [0,0.154843)
 [0,0.154845)
 [0,0.154879)
 [0,0.154884)
 [0,0.154908)
 [0,0.154959)
 [0,0.154961)
 [0,0.154973)
 [0,0.154977)
 [0,0.154988)
 [0,0.155001)
 [0,0.15501)
 [0,0.155014)
 [0,0.155019)
 [0,0.155036)
 [0,0.155039)
 [0,0.155047)
 [0,0.155058)
 [0,0.155064)
 [0,0.155072)
 [0,0.1551)
 [0,0.155119)
 [0,0.155139)
 [0,0.155153)
 [0,0.155154)
 [0,0.155173)
 [0,0.155206)
 [0,0.155209)
 [0,0.155252)
 [0,0.15529)
 [0,0.155311)
 [0,0.155312)
 [0,0.155326)
 [0,0.15534)
 [0,0.155349)
 [0,0.155353)
 [0,0.155357)
 [0,0.155359)
 [0,0.155396)
 [0,0.155423)
 [0,0.15543)
 [0,0.155452)
 [0,0.155462)
 [0,0.155466)
 [0,0.155484)
 [0,0.155502)
 [0,0.155505)
 [0,0.155519)
 [0,0.155526)
 [0,0.155552)
 [0,0.155605)
 [0,0.155609)
 [0,0.155625)
 [0,0.155635)
 [0,0.155646)
 [0,0.15565)
 [0,0.155656)
 [0,0.155658)
 [0,0.155661)
 [0,0.155663)
 [0,0.155669)
 [0,0.155684)
 [0,0.15575)
 [0,0.155774)
 [0,0.155775)
 [0,0.15578)
 [0,0.155799)
 [0,0.155812)
 [0,0.155813)
 [0,0.155842)
 [0,0.155854)
 [0,0.155858)
 [0,0.155864)
 [0,0.155875)
 [0,0.155881)
 [0,0.155891)
 [0,0.155898)
 [0,0.155908)
 [0,0.15591)
 [0,0.155921)
 [0,0.155921)
 [0,0.155923)
 [0,0.155964)
 [0,0.155981)
 [0,0.156003)
 [0,0.156007)
 [0,0.156008)
 [0,0.156015)
 [0,0.156023)
 [0,0.156037)
 [0,0.156045)
 [0,0.156066)
 [0,0.156089)
 [0,0.15609)
 [0,0.156096)
 [0,0.156137)
 [0,0.156169)
 [0,0.156179)
 [0,0.156179)
 [0,0.156185)
 [0,0.156192)
 [0,0.156199)
 [0,0.156207)
 [0,0.156208)
 [0,0.156209)
 [0,0.156217)
 [0,0.156217)
 [0,0.156232)
 [0,0.15626)
 [0,0.156264)
 [0,0.156269)
 [0,0.156271)
 [0,0.156275)
 [0,0.156286)
 [0,0.156289)
 [0,0.156305)
 [0,0.156315)
 [0,0.156317)
 [0,0.156327)
 [0,0.1564)
 [0,0.156403)
 [0,0.156415)
 [0,0.15644)
 [0,0.156456)
 [0,0.156468)
 [0,0.156523)
 [0,0.15653)
 [0,0.156553)
 [0,0.156606)
 [0,0.156633)
 [0,0.156639)
 [0,0.156643)
 [0,0.156647)
 [0,0.156695)
 [0,0.156698)
 [0,0.156709)
 [0,0.156737)
 [0,0.156756)
 [0,0.156766)
 [0,0.156782)
 [0,0.156785)
 [0,0.156789)
 [0,0.156804)
 [0,0.156837)
 [0,0.156893)
 [0,0.156945)
 [0,0.15695)
 [0,0.156994)
 [0,0.157001)
 [0,0.157004)
 [0,0.157004)
 [0,0.157063)
 [0,0.157071)
 [0,0.157075)
 [0,0.15709)
 [0,0.157091)
 [0,0.157096)
 [0,0.15712)
 [0,0.157137)
 [0,0.157137)
 [0,0.157208)
 [0,0.157211)
 [0,0.157259)
 [0,0.157291)
 [0,0.157295)
 [0,0.157327)
 [0,0.157335)
 [0,0.157367)
 [0,0.157389)
 [0,0.157405)
 [0,0.157412)
 [0,0.15742)
 [0,0.157422)
 [0,0.157433)
 [0,0.157458)
 [0,0.157498)
 [0,0.157501)
 [0,0.157541)
 [0,0.157552)
 [0,0.157588)
 [0,0.157778)
 [0,0.157789)
 [0,0.157804)
 [0,0.157878)
 [0,0.157878)
 [0,0.157887)
 [0,0.157897)
 [0,0.157907)
 [0,0.157912)
 [0,0.157915)
 [0,0.157921)
 [0,0.157934)
 [0,0.157934)
 [0,0.157941)
 [0,0.157956)
 [0,0.157992)
 [0,0.158029)
 [0,0.158072)
 [0,0.158079)
 [0,0.158085)
 [0,0.15809)
 [0,0.158093)
 [0,0.158101)
 [0,0.158134)
 [0,0.158159)
 [0,0.158177)
 [0,0.158181)
 [0,0.158184)
 [0,0.158199)
 [0,0.158202)
 [0,0.158241)
 [0,0.158252)
 [0,0.158285)
 [0,0.158307)
 [0,0.158308)
 [0,0.158308)
 [0,0.158324)
 [0,0.158361)
 [0,0.158368)
 [0,0.158375)
 [0,0.158409)
 [0,0.158461)
 [0,0.158467)
 [0,0.158473)
 [0,0.158501)
 [0,0.158582)
 [0,0.158612)
 [0,0.158652)
 [0,0.158691)
 [0,0.158693)
 [0,0.158704)
 [0,0.158704)
 [0,0.158711)
 [0,0.158762)
 [0,0.158792)
 [0,0.158794)
 [0,0.158794)
 [0,0.158795)
 [0,0.158804)
 [0,0.158818)
 [0,0.15884)
 [0,0.158852)
 [0,0.158873)
 [0,0.158884)
 [0,0.158887)
 [0,0.158937)
 [0,0.158947)
 [0,0.15906)
 [0,0.15908)
 [0,0.159081)
 [0,0.159104)
 [0,0.159115)
 [0,0.159133)
 [0,0.159167)
 [0,0.159167)
 [0,0.159219)
 [0,0.159234)
 [0,0.159236)
 [0,0.159254)
 [0,0.159291)
 [0,0.159294)
 [0,0.159318)
 [0,0.15936)
 [0,0.159387)
 [0,0.159387)
 [0,0.159409)
 [0,0.159419)
 [0,0.159458)
 [0,0.159459)
 [0,0.159482)
 [0,0.159506)
 [0,0.15952)
 [0,0.159574)
 [0,0.159585)
 [0,0.159647)
 [0,0.159664)
 [0,0.159667)
 [0,0.15967)
 [0,0.159684)
 [0,0.159691)
 [0,0.159704)
 [0,0.159724)
 [0,0.159744)
 [0,0.159753)
 [0,0.159793)
 [0,0.159812)
 [0,0.159871)
 [0,0.159873)
 [0,0.159874)
 [0,0.159961)
 [0,0.159971)
 [0,0.159979)
 [0,0.160016)
 [0,0.160026)
 [0,0.160033)
 [0,0.160038)
 [0,0.160048)
 [0,0.160053)
 [0,0.160054)
 [0,0.160101)
 [0,0.160124)
 [0,0.16013)
 [0,0.160141)
 [0,0.16016)
 [0,0.16021)
 [0,0.160248)
 [0,0.160252)
 [0,0.16027)
 [0,0.16029)
 [0,0.160291)
 [0,0.160294)
 [0,0.160302)
 [0,0.160314)
 [0,0.160357)
 [0,0.160376)
 [0,0.160384)
 [0,0.160408)
 [0,0.160426)
 [0,0.160438)
 [0,0.16045)
 [0,0.160476)
 [0,0.160482)
 [0,0.160506)
 [0,0.160516)
 [0,0.160525)
 [0,0.160529)
 [0,0.16053)
 [0,0.16054)
 [0,0.160566)
 [0,0.160579)
 [0,0.160592)
 [0,0.160603)
 [0,0.160631)
 [0,0.160643)
 [0,0.160679)
 [0,0.160707)
 [0,0.160731)
 [0,0.160786)
 [0,0.16079)
 [0,0.160792)
 [0,0.160803)
 [0,0.160851)
 [0,0.160852)
 [0,0.16087)
 [0,0.160899)
 [0,0.160944)
 [0,0.160968)
 [0,0.160969)
 [0,0.160978)
 [0,0.160988)
 [0,0.161007)
 [0,0.161019)
 [0,0.161062)
 [0,0.161065)
 [0,0.161091)
 [0,0.161096)
 [0,0.161098)
 [0,0.161101)
 [0,0.161111)
 [0,0.161115)
 [0,0.161117)
 [0,0.16114)
 [0,0.161164)
 [0,0.161165)
 [0,0.161203)
 [0,0.161219)
 [0,0.161222)
 [0,0.161224)
 [0,0.161276)
 [0,0.161313)
 [0,0.161335)
 [0,0.161341)
 [0,0.161354)
 [0,0.161365)
 [0,0.161422)
 [0,0.161448)
 [0,0.161479)
 [0,0.161508)
 [0,0.161515)
 [0,0.161515)
 [0,0.161531)
 [0,0.161535)
 [0,0.161536)
 [0,0.161555)
 [0,0.161607)
 [0,0.161646)
 [0,0.161703)
 [0,0.16171)
 [0,0.161712)
 [0,0.161718)
 [0,0.161723)
 [0,0.161737)
 [0,0.161803)
 [0,0.161804)
 [0,0.16186)
 [0,0.161885)
 [0,0.161887)
 [0,0.16189)
 [0,0.161898)
 [0,0.161898)
 [0,0.161911)
 [0,0.16193)
 [0,0.161931)
 [0,0.161947)
 [0,0.161967)
 [0,0.161975)
 [0,0.161981)
 [0,0.161992)
 [0,0.162029)
 [0,0.162054)
 [0,0.162068)
 [0,0.162072)
 [0,0.162168)
 [0,0.162187)
 [0,0.162195)
 [0,0.162214)
 [0,0.162236)
 [0,0.162242)
 [0,0.162294)
 [0,0.162316)
 [0,0.162337)
 [0,0.16236)
 [0,0.162467)
 [0,0.16249)
 [0,0.162508)
 [0,0.162531)
 [0,0.162533)
 [0,0.162539)
 [0,0.162601)
 [0,0.162618)
 [0,0.162628)
 [0,0.16265)
 [0,0.162655)
 [0,0.162684)
 [0,0.162697)
 [0,0.162771)
 [0,0.162776)
 [0,0.162803)
 [0,0.162804)
 [0,0.162832)
 [0,0.162866)
 [0,0.162888)
 [0,0.162941)
 [0,0.162964)
 [0,0.162983)
 [0,0.162988)
 [0,0.163077)
 [0,0.163079)
 [0,0.163108)
 [0,0.163237)
 [0,0.163264)
 [0,0.163278)
 [0,0.163308)
 [0,0.163328)
 [0,0.163343)
 [0,0.163367)
 [0,0.163394)
 [0,0.163399)
 [0,0.163412)
 [0,0.163421)
 [0,0.163476)
 [0,0.163505)
 [0,0.16351)
 [0,0.163511)
 [0,0.163569)
 [0,0.163583)
 [0,0.163613)
 [0,0.163632)
 [0,0.163632)
 [0,0.163641)
 [0,0.163643)
 [0,0.163662)
 [0,0.163682)
 [0,0.163713)
 [0,0.163764)
 [0,0.163785)
 [0,0.163797)
 [0,0.163806)
 [0,0.163828)
 [0,0.163835)
 [0,0.16385)
 [0,0.163928)
 [0,0.163932)
 [0,0.163939)
 [0,0.163958)
 [0,0.163986)
 [0,0.163989)
 [0,0.163993)
 [0,0.164018)
 [0,0.164022)
 [0,0.16403)
 [0,0.164034)
 [0,0.164042)
 [0,0.164051)
 [0,0.164054)
 [0,0.164055)
 [0,0.164089)
 [0,0.164149)
 [0,0.164153)
 [0,0.164193)
 [0,0.164208)
 [0,0.164215)
 [0,0.16426)
 [0,0.164305)
 [0,0.16432)
 [0,0.164322)
 [0,0.16434)
 [0,0.164384)
 [0,0.16439)
 [0,0.164392)
 [0,0.164407)
 [0,0.164446)
 [0,0.164452)
 [0,0.164473)
 [0,0.164528)
 [0,0.164533)
 [0,0.16455)
 [0,0.164559)
 [0,0.16462)
 [0,0.164624)
 [0,0.164627)
 [0,0.164678)
 [0,0.164679)
 [0,0.16468)
 [0,0.164682)
 [0,0.164713)
 [0,0.164717)
 [0,0.164721)
 [0,0.164729)
 [0,0.164732)
 [0,0.164733)
 [0,0.164736)
 [0,0.164754)
 [0,0.16476)
 [0,0.164764)
 [0,0.164811)
 [0,0.164865)
 [0,0.164879)
 [0,0.164886)
 [0,0.16495)
 [0,0.164959)
 [0,0.165039)
 [0,0.165042)
 [0,0.165067)
 [0,0.165072)
 [0,0.16516)
 [0,0.165175)
 [0,0.165236)
 [0,0.165258)
 [0,0.165315)
 [0,0.165325)
 [0,0.165328)
 [0,0.16539)
 [0,0.165412)
 [0,0.1655)
 [0,0.165519)
 [0,0.165543)
 [0,0.165564)
 [0,0.165569)
 [0,0.165602)
 [0,0.165642)
 [0,0.165655)
 [0,0.16572)
 [0,0.165758)
 [0,0.165809)
 [0,0.16584)
 [0,0.165859)
 [0,0.165869)
 [0,0.165883)
 [0,0.165888)
 [0,0.165915)
 [0,0.165945)
 [0,0.165975)
 [0,0.166016)
 [0,0.166017)
 [0,0.166026)
 [0,0.166027)
 [0,0.166043)
 [0,0.16607)
 [0,0.166074)
 [0,0.166082)
 [0,0.166095)
 [0,0.166163)
 [0,0.166169)
 [0,0.166186)
 [0,0.166206)
 [0,0.166208)
 [0,0.166214)
 [0,0.166222)
 [0,0.166234)
 [0,0.166271)
 [0,0.166274)
 [0,0.166274)
 [0,0.166285)
 [0,0.166302)
 [0,0.166311)
 [0,0.166312)
 [0,0.166365)
 [0,0.1664)
 [0,0.166436)
 [0,0.166439)
 [0,0.166479)
 [0,0.166519)
 [0,0.166545)
 [0,0.16659)
 [0,0.1666)
 [0,0.166608)
 [0,0.166646)
 [0,0.166705)
 [0,0.166715)
 [0,0.166768)
 [0,0.166799)
 [0,0.166827)
 [0,0.166834)
 [0,0.166903)
 [0,0.166949)
 [0,0.166976)
 [0,0.167009)
 [0,0.167032)
 [0,0.167046)
 [0,0.167067)
 [0,0.167113)
 [0,0.167209)
 [0,0.16721)
 [0,0.167228)
 [0,0.167232)
 [0,0.167248)
 [0,0.167285)
 [0,0.167292)
 [0,0.167323)
 [0,0.167367)
 [0,0.167371)
 [0,0.167411)
 [0,0.167436)
 [0,0.167439)
 [0,0.16744)
 [0,0.167442)
 [0,0.167448)
 [0,0.167448)
 [0,0.167451)
 [0,0.167512)
 [0,0.16753)
 [0,0.167542)
 [0,0.167551)
 [0,0.167568)
 [0,0.167655)
 [0,0.167683)
 [0,0.167713)
 [0,0.167724)
 [0,0.167731)
 [0,0.167791)
 [0,0.167845)
 [0,0.167862)
 [0,0.167891)
 [0,0.167892)
 [0,0.167893)
 [0,0.167943)
 [0,0.167962)
 [0,0.167965)
 [0,0.167993)
 [0,0.167996)
 [0,0.168008)
 [0,0.168019)
 [0,0.168036)
 [0,0.168065)
 [0,0.168083)
 [0,0.168111)
 [0,0.168152)
 [0,0.168186)
 [0,0.168204)
 [0,0.168206)
 [0,0.168242)
 [0,0.168275)
 [0,0.168319)
 [0,0.168336)
 [0,0.168349)
 [0,0.168364)
 [0,0.16838)
 [0,0.168418)
 [0,0.168431)
 [0,0.168466)
 [0,0.168497)
 [0,0.168533)
 [0,0.168543)
 [0,0.168559)
 [0,0.1686)
 [0,0.168601)
 [0,0.168611)
 [0,0.168614)
 [0,0.16862)
 [0,0.168664)
 [0,0.168679)
 [0,0.168728)
 [0,0.168728)
 [0,0.168821)
 [0,0.168864)
 [0,0.168988)
 [0,0.16906)
 [0,0.169067)
 [0,0.16908)
 [0,0.169099)
 [0,0.169105)
 [0,0.169109)
 [0,0.169262)
 [0,0.169288)
 [0,0.169291)
 [0,0.169353)
 [0,0.169368)
 [0,0.169405)
 [0,0.169426)
 [0,0.169523)
 [0,0.169578)
 [0,0.169579)
 [0,0.169622)
 [0,0.169641)
 [0,0.169671)
 [0,0.16968)
 [0,0.16974)
 [0,0.169768)
 [0,0.169803)
 [0,0.169818)
 [0,0.169831)
 [0,0.169862)
 [0,0.169914)
 [0,0.170019)
 [0,0.170072)
 [0,0.170087)
 [0,0.170107)
 [0,0.170112)
 [0,0.170114)
 [0,0.170114)
 [0,0.170149)
 [0,0.170183)
 [0,0.170197)
 [0,0.170213)
 [0,0.170236)
 [0,0.170248)
 [0,0.170334)
 [0,0.170425)
 [0,0.170538)
 [0,0.170547)
 [0,0.170551)
 [0,0.170586)
 [0,0.17062)
 [0,0.170622)
 [0,0.170623)
 [0,0.170635)
 [0,0.170787)
 [0,0.17079)
 [0,0.170889)
 [0,0.170958)
 [0,0.170972)
 [0,0.170991)
 [0,0.171051)
 [0,0.171054)
 [0,0.171117)
 [0,0.171135)
 [0,0.171179)
 [0,0.171188)
 [0,0.171205)
 [0,0.171231)
 [0,0.171238)
 [0,0.171262)
 [0,0.171282)
 [0,0.171299)
 [0,0.171339)
 [0,0.171443)
 [0,0.17146)
 [0,0.171596)
 [0,0.171619)
 [0,0.171641)
 [0,0.171647)
 [0,0.171772)
 [0,0.17189)
 [0,0.171892)
 [0,0.171936)
 [0,0.171962)
 [0,0.17198)
 [0,0.171995)
 [0,0.172022)
 [0,0.172027)
 [0,0.172039)
 [0,0.172045)
 [0,0.172062)
 [0,0.172066)
 [0,0.172075)
 [0,0.172109)
 [0,0.17211)
 [0,0.172122)
 [0,0.172135)
 [0,0.172202)
 [0,0.172271)
 [0,0.172329)
 [0,0.172346)
 [0,0.17237)
 [0,0.172401)
 [0,0.172412)
 [0,0.172458)
 [0,0.172543)
 [0,0.17258)
 [0,0.172645)
 [0,0.172734)
 [0,0.172793)
 [0,0.172817)
 [0,0.172844)
 [0,0.172928)
 [0,0.172945)
 [0,0.172996)
 [0,0.17308)
 [0,0.173143)
 [0,0.173168)
 [0,0.173198)
 [0,0.173251)
 [0,0.17334)
 [0,0.17335)
 [0,0.173356)
 [0,0.173413)
 [0,0.173462)
 [0,0.173466)
 [0,0.173485)
 [0,0.173525)
 [0,0.173585)
 [0,0.173652)
 [0,0.173668)
 [0,0.173729)
 [0,0.173817)
 [0,0.173841)
 [0,0.173866)
 [0,0.173891)
 [0,0.173983)
 [0,0.1741)
 [0,0.174103)
 [0,0.174342)
 [0,0.1745)
 [0,0.174522)
 [0,0.17462)
 [0,0.174672)
 [0,0.174677)
 [0,0.174694)
 [0,0.17474)
 [0,0.174792)
 [0,0.174852)
 [0,0.174879)
 [0,0.174884)
 [0,0.174974)
 [0,0.174997)
 [0,0.175033)
 [0,0.175075)
 [0,0.175228)
 [0,0.175254)
 [0,0.175333)
 [0,0.175459)
 [0,0.17546)
 [0,0.175515)
 [0,0.175552)
 [0,0.175567)
 [0,0.17558)
 [0,0.175597)
 [0,0.175637)
 [0,0.175637)
 [0,0.175737)
 [0,0.175792)
 [0,0.175799)
 [0,0.175892)
 [0,0.175896)
 [0,0.175907)
 [0,0.175911)
 [0,0.175996)
 [0,0.176014)
 [0,0.176185)
 [0,0.176339)
 [0,0.176341)
 [0,0.176429)
 [0,0.176463)
 [0,0.176482)
 [0,0.176488)
 [0,0.176537)
 [0,0.176708)
 [0,0.176815)
 [0,0.176842)
 [0,0.176942)
 [0,0.176976)
 [0,0.177077)
 [0,0.177184)
 [0,0.177212)
 [0,0.177323)
 [0,0.177375)
 [0,0.177433)
 [0,0.177503)
 [0,0.17756)
 [0,0.177735)
 [0,0.177913)
 [0,0.177913)
 [0,0.177967)
 [0,0.178005)
 [0,0.178048)
 [0,0.178146)
 [0,0.178177)
 [0,0.178201)
 [0,0.178283)
 [0,0.178471)
 [0,0.178549)
 [0,0.178745)
 [0,0.178747)
 [0,0.178771)
 [0,0.178992)
 [0,0.178998)
 [0,0.179105)
 [0,0.179387)
 [0,0.179398)
 [0,0.179413)
 [0,0.179482)
 [0,0.17955)
 [0,0.179587)
 [0,0.17971)
 [0,0.179803)
 [0,0.17984)
 [0,0.179845)
 [0,0.180159)
 [0,0.180239)
 [0,0.180353)
 [0,0.180481)
 [0,0.180518)
 [0,0.180608)
 [0,0.180805)
 [0,0.180814)
 [0,0.181086)
 [0,0.181262)
 [0,0.181564)
 [0,0.181651)
 [0,0.181653)
 [0,0.181705)
 [0,0.181765)
 [0,0.181905)
 [0,0.181944)
 [0,0.182368)
 [0,0.182631)
 [0,0.182672)
 [0,0.182681)
 [0,0.182841)
 [0,0.183149)
 [0,0.183329)
 [0,0.18344)
 [0,0.183554)
 [0,0.183625)
 [0,0.183804)
 [0,0.183831)
 [0,0.183859)
 [0,0.183869)
 [0,0.184227)
 [0,0.184257)
 [0,0.184278)
 [0,0.184596)
 [0,0.184739)
 [0,0.184788)
 [0,0.184926)
 [0,0.18501)
 [0,0.185033)
 [0,0.185308)
 [0,0.185333)
 [0,0.185667)
 [0,0.186703)
 [0,0.186752)
 [0,0.187297)
 [0,0.187563)
 [0,0.187777)
 [0,0.188066)
 [0,0.18812)
 [0,0.188317)
 [0,0.189522)
 [0,0.19014)
 [0,0.190693)
 [0,0.190801)
 [0,0.19091)
 [0,0.191033)
 [0,0.1914)
 [0,0.191592)
 [0,0.191605)
 [0,0.192009)
 [0,0.192355)
 [0,0.192429)
 [0,0.193057)
 [0,0.193512)
 [0,0.195491)
 [0,0.196242)
 [0,0.196254)
 [0,0.196845)
 [0,0.198732)
 [0,0.198819)
 [0,0.200843)
 [0,0.203685)
 [0,0.203715)
 [0,0.216147)
 [0,0.224739)
 [0,0.232093)
 [0, )
persistence intervals in dim 1:
 [1.19909,1.19938)
 [1.18768,1.18887)
 [1.18596,1.18666)
 [1.18522,1.19007)
 [1.18517,1.18545)
 [1.18461,1.18706)
 [1.18333,1.1863)
 [1.18313,1.18347)
 [1.18289,1.18443)
 [1.18198,1.1835)
 [1.18053,1.18121)
 [1.1799,1.18089)
 [1.17961,1.18163)
 [1.17765,1.17899)
 [1.17657,1.17693)
 [1.17637,1.17649)
 [1.17555,1.17677)
 [1.17496,1.17816)
 [1.1733,1.17612)
 [1.17327,1.17328)
 [1.17324,1.17747)
 [1.17307,1.17598)
 [1.17293,1.17376)
 [1.17285,1.17417)
 [1.17285,1.17762)
 [1.17252,1.17345)
 [1.17247,1.17682)
 [1.17242,1.17427)
 [1.17237,1.17318)
 [1.17215,1.17385)
 [1.17178,1.17611)
 [1.17147,1.17246)
 [1.17136,1.17413)
 [1.17099,1.17201)
 [1.17077,1.17312)
 [1.17069,1.17687)
 [1.17038,1.17584)
 [1.17025,1.17105)
 [1.17014,1.17215)
 [1.17002,1.17427)
 [1.16974,1.17475)
 [1.16926,1.17095)
 [1.16855,1.17932)
 [1.1681,1.17118)
 [1.16787,1.17228)
 [1.16716,1.17215)
 [1.16708,1.16964)
 [1.16616,1.17296)
 [1.16577,1.16648)
 [1.1632,1.16475)
 [1.16316,1.16844)
 [1.16298,1.16331)
 [1.16286,1.16353)
 [1.16229,1.16395)
 [1.16211,1.166)
 [1.16195,1.16574)
 [1.16155,1.16416)
 [1.16148,1.16424)
 [1.16137,1.16662)
 [1.16062,1.16914)
 [1.16048,1.16363)
 [1.16042,1.16791)
 [1.15995,1.16395)
 [1.15954,1.16052)
 [1.15913,1.15947)
 [1.1589,1.16522)
 [1.15845,1.16141)
 [1.15841,1.16014)
 [1.15826,1.16194)
 [1.15798,1.16049)
 [1.15787,1.16076)
 [1.15615,1.15689)
 [1.15608,1.15772)
 [1.15598,1.1572)
 [1.15597,1.15828)
 [1.15596,1.1569)
 [1.15567,1.16203)
 [1.15507,1.16052)
 [1.15481,1.15947)
 [1.15466,1.17694)
 [1.15425,1.17956)
 [1.15384,1.17727)
 [0.332756,0.356787)
 [0.298121,0.298546)
 [0.296202,0.297531)
 [0.289288,0.313626)
 [0.286105,0.289241)
 [0.285995,0.351109)
 [0.279261,0.294769)
 [0.278144,0.290416)
 [0.273672,0.330303)
 [0.272099,0.328474)
 [0.27194,0.30928)
 [0.270853,0.273115)
 [0.268465,0.289086)
 [0.266481,0.274237)
 [0.266273,0.269473)
 [0.265773,0.296106)
 [0.264542,0.314951)
 [0.262481,0.264915)
 [0.261951,0.266055)
 [0.259869,0.261764)
 [0.259285,0.268625)
 [0.259006,0.273701)
 [0.257891,0.266739)
 [0.257434,0.277292)
 [0.25715,0.289923)
 [0.256778,0.278813)
 [0.256585,0.30258)
 [0.256289,0.283881)
 [0.256184,0.263256)
 [0.256036,0.276396)
 [0.256006,0.278918)
 [0.254588,0.263188)
 [0.254512,0.274936)
 [0.254395,0.258973)
 [0.254097,0.26294)
 [0.254094,0.278809)
 [0.254,0.269687)
 [0.253447,0.254778)
 [0.253417,0.266663)
 [0.253195,0.257169)
 [0.253172,0.253512)
 [0.253043,0.274278)
 [0.252773,0.258733)
 [0.252199,0.254721)
 [0.251473,0.262651)
 [0.251231,0.265868)
 [0.251125,0.26455)
 [0.250102,0.266833)
 [0.249758,0.317361)
 [0.249177,0.249772)
 [0.248779,0.249139)
 [0.24877,0.257226)
 [0.248566,0.31835)
 [0.248334,0.255143)
 [0.248186,0.260367)
 [0.247553,0.258601)
 [0.246995,0.259747)
 [0.246881,0.271959)
 [0.246792,0.248703)
 [0.246549,0.277137)
 [0.246318,0.278446)
 [0.245821,0.280594)
 [0.24579,0.266326)
 [0.245091,0.25978)
 [0.244762,0.273864)
 [0.244293,0.244916)
 [0.244288,0.267237)
 [0.243741,0.270179)
 [0.243732,0.265955)
 [0.243684,0.258454)
 [0.243653,0.254388)
 [0.243061,0.281717)
 [0.243016,0.26863)
 [0.242911,0.250038)
 [0.242635,0.26541)
 [0.242299,0.243102)
 [0.242185,0.269355)
 [0.241507,0.250211)
 [0.241459,0.265899)
 [0.241281,0.261353)
 [0.241044,0.26534)
 [0.240537,0.280558)
 [0.240346,0.244854)
 [0.24027,0.256626)
 [0.239828,0.289793)
 [0.239823,0.250451)
 [0.239764,0.244783)
 [0.239638,0.277332)
 [0.239539,0.310209)
 [0.238793,0.285597)
 [0.238682,0.264736)
 [0.238611,0.27411)
 [0.238464,0.242433)
 [0.238171,0.249458)
 [0.238115,0.270539)
 [0.238101,0.271483)
 [0.237965,0.271863)
 [0.237936,0.24113)
 [0.237785,0.272784)
 [0.237535,0.267385)
 [0.23751,0.242399)
 [0.237414,0.240332)
 [0.237397,0.247128)
 [0.237008,0.239112)
 [0.236501,0.260998)
 [0.236123,0.262877)
 [0.236075,0.304014)
 [0.235911,0.256399)
 [0.235851,0.236302)
 [0.23583,0.303708)
 [0.235743,0.24617)
 [0.23526,0.246312)
 [0.235218,0.254542)
 [0.235175,0.282246)
 [0.235113,0.246279)
 [0.233931,0.283776)
 [0.233577,0.275008)
 [0.233179,0.244885)
 [0.233136,0.262128)
 [0.232695,0.250166)
 [0.232692,0.246797)
 [0.232409,0.24735)
 [0.232362,0.245401)
 [0.232233,0.232764)
 [0.232207,0.268212)
 [0.231814,0.286189)
 [0.231798,0.265216)
 [0.231706,0.249283)
 [0.231668,0.28698)
 [0.231611,0.269594)
 [0.231393,0.258817)
 [0.231334,0.232154)
 [0.23124,0.237897)
 [0.230742,0.250891)
 [0.230563,0.264784)
 [0.23054,0.259416)
 [0.230327,0.250671)
 [0.230246,0.251473)
 [0.230159,0.284759)
 [0.230059,0.246471)
 [0.230056,0.241316)
 [0.230026,0.238906)
 [0.229718,0.250216)
 [0.229567,0.243223)
 [0.229476,0.230435)
 [0.229449,0.238509)
 [0.22928,0.252471)
 [0.229248,0.268648)
 [0.229232,0.268881)
 [0.229191,0.247098)
 [0.229145,0.23402)
 [0.229089,0.242706)
 [0.229002,0.240104)
 [0.228787,0.243197)
 [0.228731,0.254807)
 [0.22862,0.251311)
 [0.228366,0.247233)
 [0.228133,0.231777)
 [0.227984,0.24098)
 [0.227846,0.267097)
 [0.227799,0.27022)
 [0.22769,0.23561)
 [0.227464,0.253936)
 [0.227443,0.249106)
 [0.227377,0.254342)
 [0.22734,0.247229)
 [0.227331,0.242038)
 [0.227271,0.231655)
 [0.22724,0.263635)
 [0.227213,0.235509)
 [0.227132,0.232958)
 [0.226983,0.278497)
 [0.226981,0.238568)
 [0.226749,0.232217)
 [0.226616,0.242211)
 [0.226572,0.273021)
 [0.226539,0.259535)
 [0.226461,0.248334)
 [0.226422,0.29305)
 [0.226422,0.226448)
 [0.226364,0.254248)
 [0.226197,0.258231)
 [0.22616,0.255665)
 [0.22616,0.257681)
 [0.225811,0.272008)
 [0.225782,0.271888)
 [0.225676,0.251337)
 [0.225611,0.236223)
 [0.225374,0.230334)
 [0.225205,0.258158)
 [0.225177,0.253647)
 [0.225156,0.23331)
 [0.224967,0.264784)
 [0.224875,0.258341)
 [0.224873,0.233251)
 [0.224618,0.266745)
 [0.224603,0.228633)
 [0.224524,0.270477)
 [0.224084,0.265729)
 [0.224054,0.232648)
 [0.223935,0.291405)
 [0.223822,0.266737)
 [0.22381,0.229873)
 [0.223676,0.280808)
 [0.223621,0.228691)
 [0.223534,0.267534)
 [0.223499,0.23454)
 [0.223473,0.357888)
 [0.223384,0.239364)
 [0.223314,0.22494)
 [0.222963,0.329084)
 [0.222952,0.281757)
 [0.222939,0.223831)
 [0.222939,0.235546)
 [0.222884,0.233765)
 [0.222835,0.277422)
 [0.222769,0.314847)
 [0.222567,0.249007)
 [0.222503,0.257192)
 [0.222483,0.252877)
 [0.222436,0.233943)
 [0.222419,0.235805)
 [0.222353,0.263317)
 [0.22218,0.229895)
 [0.222096,0.268013)
 [0.222035,0.277605)
 [0.222009,0.240971)
 [0.221834,0.246566)
 [0.221651,0.239103)
 [0.221563,0.267472)
 [0.221119,0.258373)
 [0.221027,0.222262)
 [0.221024,0.283913)
 [0.220797,0.236464)
 [0.220687,0.237089)
 [0.22035,0.229828)
 [0.220268,0.312759)
 [0.220033,0.230939)
 [0.219869,0.223536)
 [0.219811,0.235405)
 [0.219725,0.219976)
 [0.219575,0.278522)
 [0.219213,0.289968)
 [0.219175,0.267154)
 [0.219033,0.242304)
 [0.218996,0.270878)
 [0.218922,0.262586)
 [0.218878,0.227833)
 [0.218768,0.312554)
 [0.218595,0.237209)
 [0.218369,0.226456)
 [0.218308,0.266917)
 [0.218282,0.230579)
 [0.218114,0.261095)
 [0.218105,0.244558)
 [0.218084,0.232002)
 [0.218074,0.30921)
 [0.217953,0.255397)
 [0.217923,0.219945)
 [0.217908,0.228022)
 [0.217774,0.242426)
 [0.217658,0.241836)
 [0.217658,0.273159)
 [0.217649,0.222931)
 [0.217385,0.244262)
 [0.217384,0.229724)
 [0.217242,0.24734)
 [0.217171,0.233107)
 [0.216991,0.276517)
 [0.216982,0.251237)
 [0.216775,0.244016)
 [0.216697,0.300516)
 [0.216607,0.27498)
 [0.216422,0.251627)
 [0.216403,0.264372)
 [0.216387,0.225275)
 [0.21633,0.253169)
 [0.216263,0.311441)
 [0.216205,0.222278)
 [0.216072,0.276773)
 [0.216072,0.254957)
 [0.215975,0.231675)
 [0.21582,0.23408)
 [0.215785,0.230195)
 [0.215742,0.217551)
 [0.215629,0.220843)
 [0.215605,0.232679)
 [0.215561,0.235581)
 [0.215512,0.247838)
 [0.215409,0.309978)
 [0.215408,0.249923)
 [0.215357,0.258192)
 [0.215317,0.222692)
 [0.21521,0.27002)
 [0.215147,0.22066)
 [0.215086,0.220645)
 [0.215077,0.235992)
 [0.215063,0.216824)
 [0.215046,0.217284)
 [0.215044,0.219933)
 [0.215009,0.233587)
 [0.214995,0.229024)
 [0.2149,0.248627)
 [0.21482,0.242047)
 [0.214765,0.215175)
 [0.214657,0.237359)
 [0.214647,0.286924)
 [0.214593,0.260036)
 [0.214567,0.21682)
 [0.214528,0.271068)
 [0.214519,0.26057)
 [0.214506,0.215588)
 [0.214468,0.237259)
 [0.214461,0.249459)
 [0.214386,0.215381)
 [0.214173,0.216412)
 [0.213922,0.235069)
 [0.213823,0.266934)
 [0.213616,0.247919)
 [0.213561,0.295502)
 [0.213535,0.223131)
 [0.213243,0.248976)
 [0.213226,0.224396)
 [0.213174,0.216949)
 [0.213137,0.267542)
 [0.212933,0.238968)
 [0.212874,0.246234)
 [0.212823,0.223936)
 [0.212748,0.252544)
 [0.212747,0.310647)
 [0.212688,0.309183)
 [0.212683,0.26911)
 [0.212662,0.240513)
 [0.212618,0.240857)
 [0.212461,0.219577)
 [0.212434,0.229629)
 [0.212399,0.31612)
 [0.212358,0.281737)
 [0.21233,0.244425)
 [0.212323,0.214939)
 [0.211996,0.310638)
 [0.211921,0.237844)
 [0.211782,0.222278)
 [0.211636,0.216219)
 [0.211631,0.227502)
 [0.211572,0.260278)
 [0.211486,0.219508)
 [0.211385,0.21378)
 [0.211376,0.28571)
 [0.211374,0.218683)
 [0.21131,0.322762)
 [0.211295,0.244234)
 [0.211198,0.217861)
 [0.211158,0.230516)
 [0.21101,0.281269)
 [0.210906,0.270723)
 [0.210868,0.302708)
 [0.210558,0.213649)
 [0.210473,0.212269)
 [0.210403,0.219488)
 [0.210366,0.214913)
 [0.210338,0.23317)
 [0.210325,0.230176)
 [0.210246,0.219975)
 [0.21023,0.248139)
 [0.210153,0.220744)
 [0.210144,0.239284)
 [0.210059,0.257232)
 [0.210015,0.221678)
 [0.20993,0.270332)
 [0.209883,0.240691)
 [0.209855,0.216201)
 [0.209824,0.235025)
 [0.209819,0.223475)
 [0.209791,0.2379)
 [0.209664,0.257668)
 [0.209651,0.256163)
 [0.209579,0.255487)
 [0.209534,0.270669)
 [0.209478,0.27135)
 [0.209439,0.243092)
 [0.209437,0.280235)
 [0.209383,0.210335)
 [0.209289,0.249845)
 [0.209235,0.20997)
 [0.209204,0.235707)
 [0.209175,0.246107)
 [0.209171,0.214868)
 [0.209119,0.269266)
 [0.209085,0.216976)
 [0.209053,0.226937)
 [0.209028,0.240392)
 [0.209012,0.264611)
 [0.208939,0.266159)
 [0.208914,0.224025)
 [0.208866,0.213256)
 [0.20884,0.271763)
 [0.208813,0.23501)
 [0.208807,0.248504)
 [0.208754,0.221517)
 [0.208737,0.23013)
 [0.208669,0.247045)
 [0.208656,0.20922)
 [0.208607,0.226265)
 [0.208518,0.25677)
 [0.208501,0.229704)
 [0.208479,0.21794)
 [0.208458,0.218696)
 [0.20843,0.222766)
 [0.208429,0.237689)
 [0.208407,0.236109)
 [0.208329,0.209687)
 [0.20831,0.251318)
 [0.208293,0.222811)
 [0.208253,0.208863)
 [0.208226,0.22017)
 [0.2079,0.228184)
 [0.207865,0.233793)
 [0.207801,0.236635)
 [0.207751,0.231457)
 [0.207706,0.268206)
 [0.207618,0.255979)
 [0.207473,0.217374)
 [0.20746,0.254491)
 [0.207423,0.233494)
 [0.207378,0.231289)
 [0.207355,0.213533)
 [0.207285,0.217267)
 [0.207263,0.278315)
 [0.207186,0.232303)
 [0.207107,0.250037)
 [0.207054,0.2171)
 [0.206935,0.215421)
 [0.206672,0.223406)
 [0.206624,0.249896)
 [0.206582,0.222734)
 [0.206552,0.281418)
 [0.206521,0.206598)
 [0.206413,0.259987)
 [0.206386,0.222423)
 [0.206385,0.245658)
 [0.206037,0.245353)
 [0.206002,0.206962)
 [0.205894,0.237677)
 [0.205875,0.273063)
 [0.205862,0.250208)
 [0.205843,0.247647)
 [0.205814,0.238851)
 [0.205706,0.230801)
 [0.205663,0.217897)
 [0.205562,0.217871)
 [0.205542,0.223693)
 [0.20541,0.240811)
 [0.205267,0.226985)
 [0.205253,0.222589)
 [0.205244,0.210487)
 [0.205068,0.255934)
 [0.205054,0.248664)
 [0.204943,0.27035)
 [0.20492,0.279117)
 [0.204885,0.268541)
 [0.204831,0.217602)
 [0.204733,0.286552)
 [0.204713,0.240818)
 [0.204681,0.244785)
 [0.204519,0.226332)
 [0.20451,0.276246)
 [0.204438,0.220132)
 [0.204394,0.242467)
 [0.204292,0.278095)
 [0.20428,0.242144)
 [0.2042,0.216366)
 [0.204166,0.219366)
 [0.204147,0.22601)
 [0.204091,0.219362)
 [0.204075,0.266191)
 [0.204026,0.210642)
 [0.203947,0.260575)
 [0.203866,0.218427)
 [0.203862,0.207965)
 [0.203861,0.281104)
 [0.203808,0.259979)
 [0.203726,0.2509)
 [0.203706,0.210449)
 [0.203584,0.214192)
 [0.203581,0.284335)
 [0.203479,0.219195)
 [0.20344,0.231239)
 [0.203391,0.212327)
 [0.203336,0.251675)
 [0.203312,0.257713)
 [0.203293,0.207282)
 [0.203168,0.306305)
 [0.203086,0.264164)
 [0.203026,0.213634)
 [0.202977,0.211903)
 [0.202838,0.324737)
 [0.202776,0.232393)
 [0.202708,0.209263)
 [0.202663,0.276424)
 [0.202639,0.289119)
 [0.20258,0.2559)
 [0.202565,0.268093)
 [0.202535,0.242234)
 [0.202511,0.249524)
 [0.20246,0.235088)
 [0.202335,0.273915)
 [0.202311,0.231567)
 [0.202288,0.251399)
 [0.202279,0.239853)
 [0.202233,0.233988)
 [0.20222,0.204702)
 [0.202198,0.24708)
 [0.202192,0.239508)
 [0.202188,0.290335)
 [0.202171,0.231961)
 [0.202123,0.242432)
 [0.202108,0.263841)
 [0.202097,0.222091)
 [0.202058,0.285176)
 [0.202056,0.267345)
 [0.201995,0.229379)
 [0.201978,0.210176)
 [0.201838,0.239761)
 [0.20183,0.323196)
 [0.201796,0.234151)
 [0.201724,0.213925)
 [0.201621,0.205318)
 [0.201492,0.278135)
 [0.201489,0.224544)
 [0.201466,0.20927)
 [0.201459,0.20219)
 [0.201338,0.216162)
 [0.201286,0.203932)
 [0.201153,0.221465)
 [0.201137,0.254041)
 [0.201103,0.217452)
 [0.201072,0.218877)
 [0.201064,0.24616)
 [0.201053,0.214409)
 [0.20103,0.261808)
 [0.201029,0.202593)
 [0.20093,0.270782)
 [0.200864,0.301337)
 [0.200815,0.284575)
 [0.200786,0.219917)
 [0.200743,0.212302)
 [0.200739,0.284554)
 [0.200687,0.259504)
 [0.200597,0.235945)
 [0.200497,0.246633)
 [0.20045,0.251762)
 [0.200423,0.220475)
 [0.200415,0.218249)
 [0.200398,0.223305)
 [0.200384,0.238844)
 [0.200366,0.225334)
 [0.2003,0.231525)
 [0.200264,0.220205)
 [0.200248,0.244683)
 [0.200133,0.202754)
 [0.200054,0.283069)
 [0.200032,0.203088)
 [0.200025,0.235784)
 [0.20001,0.220419)
 [0.19999,0.283338)
 [0.199927,0.222178)
 [0.199873,0.281921)
 [0.199872,0.293078)
 [0.199807,0.200515)
 [0.199791,0.264475)
 [0.199754,0.264874)
 [0.199739,0.227341)
 [0.199736,0.215536)
 [0.199693,0.236164)
 [0.199678,0.260854)
 [0.1996,0.203944)
 [0.199582,0.288193)
 [0.199571,0.216764)
 [0.199479,0.255904)
 [0.199477,0.240117)
 [0.199446,0.235446)
 [0.199424,0.288487)
 [0.199326,0.252222)
 [0.199301,0.277261)
 [0.199243,0.202254)
 [0.199125,0.214308)
 [0.19912,0.281489)
 [0.199073,0.205857)
 [0.19894,0.219532)
 [0.198933,0.208259)
 [0.198928,0.244898)
 [0.198832,0.199468)
 [0.198809,0.205573)
 [0.198781,0.2426)
 [0.198776,0.307858)
 [0.198663,0.245599)
 [0.198649,0.263838)
 [0.198638,0.229346)
 [0.198636,0.229955)
 [0.198583,0.24683)
 [0.198549,0.265248)
 [0.198506,0.245733)
 [0.198506,0.270098)
 [0.198473,0.260141)
 [0.198402,0.259004)
 [0.198397,0.254987)
 [0.198395,0.211462)
 [0.198361,0.255767)
 [0.198334,0.209434)
 [0.19831,0.273947)
 [0.198285,0.204113)
 [0.198247,0.269952)
 [0.198135,0.229793)
 [0.198117,0.206046)
 [0.198086,0.233306)
 [0.198023,0.239877)
 [0.198021,0.21131)
 [0.19801,0.207119)
 [0.197975,0.24599)
 [0.197958,0.233016)
 [0.197951,0.239792)
 [0.19795,0.219917)
 [0.197945,0.211197)
 [0.197937,0.247449)
 [0.197907,0.249176)
 [0.197898,0.235218)
 [0.197848,0.226969)
 [0.197826,0.262316)
 [0.197814,0.2349)
 [0.197648,0.267545)
 [0.19752,0.274131)
 [0.197508,0.209595)
 [0.197463,0.237192)
 [0.197363,0.272318)
 [0.197323,0.244792)
 [0.197253,0.321198)
 [0.197186,0.257646)
 [0.19715,0.227754)
 [0.197136,0.254338)
 [0.196993,0.205385)
 [0.196987,0.22244)
 [0.196974,0.218075)
 [0.196906,0.245878)
 [0.196869,0.200827)
 [0.196844,0.234786)
 [0.196825,0.23541)
 [0.196803,0.265132)
 [0.196758,0.241515)
 [0.196743,0.21033)
 [0.196712,0.299297)
 [0.196709,0.2206)
 [0.196671,0.28897)
 [0.19667,0.291472)
 [0.196626,0.211868)
 [0.196622,0.269557)
 [0.196538,0.268621)
 [0.196534,0.197733)
 [0.196518,0.252506)
 [0.19646,0.228495)
 [0.196444,0.238277)
 [0.196371,0.262056)
 [0.196345,0.221504)
 [0.196336,0.207823)
 [0.196315,0.235047)
 [0.196301,0.265054)
 [0.19622,0.206048)
 [0.196164,0.251036)
 [0.196129,0.206382)
 [0.196128,0.237222)
 [0.196115,0.259735)
 [0.196001,0.354901)
 [0.195978,0.251517)
 [0.195929,0.273495)
 [0.195797,0.215977)
 [0.195748,0.201446)
 [0.195703,0.265172)
 [0.195629,0.197592)
 [0.195616,0.215709)
 [0.195589,0.273071)
 [0.195504,0.223907)
 [0.195475,0.233447)
 [0.195458,0.241162)
 [0.195419,0.229988)
 [0.195407,0.25372)
 [0.195407,0.234464)
 [0.195384,0.245029)
 [0.195372,0.260611)
 [0.195319,0.271041)
 [0.195277,0.198816)
 [0.195176,0.234475)
 [0.195055,0.29448)
 [0.194976,0.236183)
 [0.194941,0.230703)
 [0.19493,0.248957)
 [0.194914,0.232781)
 [0.194853,0.293533)
 [0.194813,0.196855)
 [0.194782,0.226015)
 [0.194664,0.244285)
 [0.194663,0.249517)
 [0.194549,0.214932)
 [0.194541,0.261499)
 [0.194524,0.248252)
 [0.194407,0.221897)
 [0.1944,0.201169)
 [0.19435,0.2521)
 [0.194334,0.307617)
 [0.194299,0.203379)
 [0.194294,0.250258)
 [0.194265,0.278132)
 [0.194208,0.231666)
 [0.194153,0.258398)
 [0.194023,0.291159)
 [0.193943,0.215347)
 [0.193851,0.2371)
 [0.19378,0.230092)
 [0.193772,0.210842)
 [0.193703,0.222699)
 [0.193533,0.218881)
 [0.193361,0.278273)
 [0.193238,0.218303)
 [0.193209,0.25692)
 [0.193208,0.225974)
 [0.193198,0.297893)
 [0.193196,0.269035)
 [0.193174,0.319563)
 [0.193165,0.272754)
 [0.193093,0.256547)
 [0.193036,0.27674)
 [0.193002,0.272633)
 [0.192989,0.210398)
 [0.192969,0.29156)
 [0.192917,0.229346)
 [0.19291,0.237948)
 [0.192847,0.205537)
 [0.192725,0.267503)
 [0.192665,0.229371)
 [0.19261,0.22563)
 [0.192609,0.223501)
 [0.192576,0.197015)
 [0.192573,0.196494)
 [0.192553,0.297443)
 [0.192527,0.195007)
 [0.192504,0.27104)
 [0.192491,0.26198)
 [0.192469,0.200463)
 [0.192411,0.207107)
 [0.192362,0.232735)
 [0.192353,0.236128)
 [0.19225,0.216851)
 [0.192248,0.218737)
 [0.19221,0.273301)
 [0.192203,0.233135)
 [0.192149,0.290434)
 [0.192138,0.274082)
 [0.192133,0.207867)
 [0.192027,0.216829)
 [0.191998,0.243442)
 [0.191986,0.25747)
 [0.191986,0.244613)
 [0.191984,0.195708)
 [0.191887,0.210638)
 [0.191836,0.220741)
 [0.191834,0.206059)
 [0.191805,0.314335)
 [0.191794,0.206016)
 [0.191791,0.222432)
 [0.191785,0.302962)
 [0.191749,0.238798)
 [0.191725,0.240081)
 [0.191691,0.249191)
 [0.191686,0.211313)
 [0.191636,0.245939)
 [0.19158,0.21719)
 [0.191563,0.209983)
 [0.191535,0.297754)
 [0.191497,0.301293)
 [0.191484,0.207694)
 [0.191467,0.219126)
 [0.191451,0.210624)
 [0.191434,0.198193)
 [0.191302,0.196028)
 [0.191296,0.303211)
 [0.191277,0.281991)
 [0.191242,0.223878)
 [0.19112,0.238046)
 [0.191094,0.286968)
 [0.191066,0.240965)
 [0.19102,0.202355)
 [0.191019,0.191036)
 [0.190917,0.234942)
 [0.190896,0.242232)
 [0.190755,0.253616)
 [0.190707,0.274313)
 [0.190702,0.227028)
 [0.190691,0.212473)
 [0.190675,0.216405)
 [0.190663,0.300598)
 [0.190641,0.228589)
 [0.190568,0.270205)
 [0.190563,0.285335)
 [0.190454,0.229396)
 [0.190432,0.234211)
 [0.190424,0.276285)
 [0.190392,0.275616)
 [0.190389,0.205487)
 [0.190357,0.21009)
 [0.190347,0.216276)
 [0.19033,0.201248)
 [0.190257,0.226144)
 [0.19025,0.238493)
 [0.190195,0.196581)
 [0.190184,0.24938)
 [0.190181,0.200358)
 [0.190153,0.194657)
 [0.190136,0.233912)
 [0.190094,0.267207)
 [0.190065,0.276198)
 [0.190051,0.204656)
 [0.190017,0.265383)
 [0.190015,0.238107)
 [0.189914,0.195975)
 [0.189868,0.268172)
 [0.189838,0.236018)
 [0.189823,0.222758)
 [0.189816,0.281435)
 [0.18977,0.228881)
 [0.189693,0.254861)
 [0.189658,0.27655)
 [0.189651,0.258128)
 [0.189649,0.233107)
 [0.189647,0.19873)
 [0.189624,0.225584)
 [0.189607,0.20017)
 [0.189591,0.22342)
 [0.189584,0.230462)
 [0.189579,0.213793)
 [0.189441,0.21713)
 [0.189426,0.255994)
 [0.189426,0.274288)
 [0.189363,0.220786)
 [0.189346,0.197638)
 [0.189322,0.232113)
 [0.189319,0.276868)
 [0.189261,0.268689)
 [0.189225,0.315847)
 [0.189217,0.247885)
 [0.189196,0.206596)
 [0.18914,0.200283)
 [0.189123,0.264717)
 [0.189031,0.207633)
 [0.188979,0.190618)
 [0.188955,0.21109)
 [0.18892,0.234477)
 [0.188918,0.286101)
 [0.188908,0.304791)
 [0.188903,0.228589)
 [0.188895,0.232077)
 [0.18889,0.301963)
 [0.188867,0.209531)
 [0.188843,0.206067)
 [0.188813,0.199242)
 [0.188798,0.231846)
 [0.188771,0.278537)
 [0.188765,0.283018)
 [0.188706,0.205456)
 [0.188581,0.191351)
 [0.188581,0.205649)
 [0.188536,0.231915)
 [0.188468,0.207961)
 [0.188466,0.343716)
 [0.188447,0.242914)
 [0.188438,0.224982)
 [0.188414,0.21154)
 [0.188412,0.189313)
 [0.188384,0.237448)
 [0.188308,0.299726)
 [0.188293,0.268129)
 [0.188282,0.239993)
 [0.188255,0.251349)
 [0.188229,0.231222)
 [0.188177,0.188738)
 [0.188157,0.304456)
 [0.188039,0.231093)
 [0.188025,0.271002)
 [0.188015,0.199277)
 [0.188011,0.246027)
 [0.18799,0.223082)
 [0.187702,0.243224)
 [0.187683,0.215164)
 [0.18768,0.292709)
 [0.187664,0.231718)
 [0.187631,0.193511)
 [0.187626,0.210301)
 [0.187578,0.282352)
 [0.187525,0.341565)
 [0.18751,0.233989)
 [0.187481,0.209343)
 [0.187444,0.232754)
 [0.187407,0.19381)
 [0.187361,0.229583)
 [0.187311,0.232245)
 [0.187307,0.293946)
 [0.187296,0.195255)
 [0.187284,0.204199)
 [0.187263,0.238518)
 [0.187255,0.227069)
 [0.187244,0.208418)
 [0.187214,0.230499)
 [0.187205,0.230094)
 [0.187173,0.26285)
 [0.187172,0.305393)
 [0.187163,0.316879)
 [0.187161,0.214221)
 [0.187136,0.238577)
 [0.187105,0.207596)
 [0.187094,0.2123)
 [0.187075,0.236731)
 [0.187058,0.241797)
 [0.186883,0.272687)
 [0.186831,0.187734)
 [0.186827,0.311538)
 [0.186819,0.299443)
 [0.1867,0.311033)
 [0.18668,0.23246)
 [0.186658,0.308337)
 [0.186635,0.246944)
 [0.18662,0.28399)
 [0.186594,0.234425)
 [0.186528,0.262927)
 [0.186474,0.269856)
 [0.186469,0.237352)
 [0.186408,0.250245)
 [0.186358,0.216821)
 [0.186335,0.194556)
 [0.186329,0.251231)
 [0.186303,0.262135)
 [0.186292,0.210594)
 [0.186261,0.260875)
 [0.18621,0.332499)
 [0.186162,0.229324)
 [0.186144,0.201316)
 [0.186076,0.24598)
 [0.186075,0.294667)
 [0.186065,0.24323)
 [0.186052,0.189142)
 [0.186035,0.270769)
 [0.186002,0.275046)
 [0.185988,0.222735)
 [0.185981,0.270178)
 [0.185977,0.274959)
 [0.185974,0.208322)
 [0.185966,0.204513)
 [0.185965,0.226336)
 [0.185885,0.199036)
 [0.185836,0.189831)
 [0.185823,0.186964)
 [0.185798,0.268524)
 [0.185786,0.243898)
 [0.185724,0.292462)
 [0.185694,0.284062)
 [0.185677,0.240968)
 [0.185657,0.256971)
 [0.185625,0.206508)
 [0.185615,0.299783)
 [0.185539,0.209105)
 [0.185537,0.266917)
 [0.185528,0.214199)
 [0.185518,0.188385)
 [0.185486,0.219796)
 [0.185484,0.242624)
 [0.185387,0.211409)
 [0.185353,0.187346)
 [0.185323,0.201573)
 [0.185275,0.283423)
 [0.185196,0.251796)
 [0.18516,0.232973)
 [0.185148,0.204597)
 [0.185071,0.251716)
 [0.185066,0.240822)
 [0.185028,0.224295)
 [0.18501,0.205393)
 [0.185007,0.234997)
 [0.184985,0.232437)
 [0.18498,0.203524)
 [0.184956,0.224395)
 [0.184902,0.234753)
 [0.184855,0.208244)
 [0.184842,0.289311)
 [0.184816,0.209154)
 [0.18479,0.286486)
 [0.184691,0.265406)
 [0.18469,0.196224)
 [0.184658,0.185519)
 [0.184624,0.227542)
 [0.184622,0.190143)
 [0.184618,0.216836)
 [0.184553,0.192728)
 [0.184471,0.225404)
 [0.184428,0.267785)
 [0.184407,0.265107)
 [0.184319,0.417657)
 [0.184319,0.238086)
 [0.184243,0.25454)
 [0.184208,0.271351)
 [0.184191,0.24815)
 [0.184108,0.215188)
 [0.184047,0.238294)
 [0.184036,0.316526)
 [0.183964,0.19481)
 [0.183929,0.333006)
 [0.183908,0.208287)
 [0.183839,0.186016)
 [0.18378,0.185901)
 [0.183774,0.238334)
 [0.183721,0.236501)
 [0.183622,0.32343)
 [0.183578,0.270709)
 [0.183538,0.190854)
 [0.183526,0.264783)
 [0.183446,0.204014)
 [0.183407,0.209248)
 [0.18338,0.205599)
 [0.18336,0.255332)
 [0.183311,0.278519)
 [0.183283,0.207987)
 [0.18327,0.336314)
 [0.183244,0.200488)
 [0.183234,0.316992)
 [0.183203,0.275465)
 [0.183202,0.188542)
 [0.183183,0.260836)
 [0.183181,0.218962)
 [0.183159,0.185222)
 [0.183155,0.184812)
 [0.183034,0.254093)
 [0.183034,0.195527)
 [0.183009,0.209035)
 [0.182967,0.195435)
 [0.182951,0.197978)
 [0.182948,0.250685)
 [0.182935,0.209733)
 [0.182915,0.212632)
 [0.18291,0.268956)
 [0.182818,0.199829)
 [0.182766,0.218689)
 [0.182731,0.293426)
 [0.182719,0.237748)
 [0.182681,0.210408)
 [0.182643,0.233278)
 [0.182634,0.255748)
 [0.182632,0.237605)
 [0.182626,0.279532)
 [0.182625,0.287544)
 [0.182491,0.266329)
 [0.182418,0.207128)
 [0.182389,0.193111)
 [0.182368,0.203557)
 [0.182343,0.22941)
 [0.182318,0.189754)
 [0.182315,0.225082)
 [0.18231,0.240432)
 [0.182284,0.263107)
 [0.182253,0.227881)
 [0.182213,0.190149)
 [0.182197,0.290811)
 [0.182169,0.204722)
 [0.182158,0.274472)
 [0.182109,0.226699)
 [0.182081,0.189352)
 [0.182057,0.270479)
 [0.182052,0.243199)
 [0.182032,0.254714)
 [0.182025,0.24793)
 [0.182,0.3029)
 [0.181996,0.199181)
 [0.181991,0.22336)
 [0.181943,0.199164)
 [0.181896,0.256919)
 [0.181782,0.215363)
 [0.181742,0.213446)
 [0.181626,0.253723)
 [0.181587,0.196377)
 [0.181541,0.229553)
 [0.181505,0.21769)
 [0.181493,0.227766)
 [0.181483,0.299678)
 [0.181465,0.208975)
 [0.18146,0.298242)
 [0.181451,0.199823)
 [0.181435,0.29445)
 [0.181427,0.206883)
 [0.18139,0.319243)
 [0.181361,0.195195)
 [0.181271,0.254902)
 [0.181247,0.300468)
 [0.181232,0.229815)
 [0.181231,0.231974)
 [0.181183,0.191715)
 [0.181168,0.275573)
 [0.181129,0.233957)
 [0.1811,0.210924)
 [0.181065,0.210737)
 [0.181009,0.203011)
 [0.180988,0.23009)
 [0.180979,0.194169)
 [0.180977,0.235068)
 [0.180976,0.208553)
 [0.180916,0.264409)
 [0.180913,0.207625)
 [0.180877,0.253084)
 [0.180872,0.191149)
 [0.180864,0.193176)
 [0.180799,0.267369)
 [0.180792,0.306851)
 [0.180779,0.23371)
 [0.180774,0.187087)
 [0.18075,0.258577)
 [0.180748,0.315084)
 [0.180731,0.227421)
 [0.180704,0.207994)
 [0.180692,0.203178)
 [0.180664,0.249017)
 [0.180659,0.212103)
 [0.180624,0.338931)
 [0.180624,0.192399)
 [0.180619,0.250593)
 [0.180611,0.2543)
 [0.180579,0.237752)
 [0.180574,0.221143)
 [0.180533,0.235591)
 [0.180521,0.233612)
 [0.180448,0.276442)
 [0.180393,0.316694)
 [0.180392,0.193433)
 [0.180356,0.228366)
 [0.180352,0.229138)
 [0.18033,0.244106)
 [0.180309,0.281843)
 [0.180306,0.251636)
 [0.180294,0.192219)
 [0.180282,0.310779)
 [0.180272,0.246053)
 [0.180263,0.214387)
 [0.180259,0.282532)
 [0.180248,0.264997)
 [0.18022,0.337385)
 [0.180202,0.192922)
 [0.180125,0.186295)
 [0.180095,0.231469)
 [0.18008,0.227042)
 [0.180058,0.23856)
 [0.180047,0.264085)
 [0.179949,0.291764)
 [0.17994,0.243316)
 [0.179883,0.250061)
 [0.179852,0.233948)
 [0.179848,0.196164)
 [0.179825,0.194355)
 [0.179818,0.260199)
 [0.179808,0.236693)
 [0.179755,0.244491)
 [0.179751,0.19919)
 [0.17975,0.213252)
 [0.179643,0.266609)
 [0.17964,0.245281)
 [0.179631,0.2944)
 [0.179586,0.209282)
 [0.179551,0.257579)
 [0.179541,0.18367)
 [0.179517,0.257597)
 [0.179513,0.216521)
 [0.179481,0.189887)
 [0.179459,0.184007)
 [0.179411,0.261464)
 [0.179381,0.184864)
 [0.179377,0.184675)
 [0.179351,0.195265)
 [0.179318,0.237282)
 [0.179301,0.226054)
 [0.179301,0.216417)
 [0.179284,0.308706)
 [0.179271,0.19902)
 [0.179263,0.196497)
 [0.179247,0.25572)
 [0.179156,0.23709)
 [0.179152,0.348576)
 [0.17915,0.192513)
 [0.179121,0.276879)
 [0.17909,0.199587)
 [0.17903,0.211386)
 [0.178999,0.189088)
 [0.178998,0.244945)
 [0.178947,0.29341)
 [0.178918,0.185884)
 [0.178901,0.22757)
 [0.1789,0.271368)
 [0.178865,0.253379)
 [0.178836,0.236276)
 [0.178817,0.240647)
 [0.178816,0.189258)
 [0.178803,0.187214)
 [0.178802,0.213127)
 [0.17878,0.29908)
 [0.178747,0.182596)
 [0.178741,0.222283)
 [0.17873,0.287445)
 [0.178711,0.232345)
 [0.178711,0.212439)
 [0.178634,0.182509)
 [0.178593,0.24404)
 [0.178552,0.285465)
 [0.17852,0.253086)
 [0.178478,0.183714)
 [0.17847,0.196228)
 [0.178371,0.24301)
 [0.17837,0.321385)
 [0.178351,0.189913)
 [0.178339,0.232744)
 [0.178271,0.219524)
 [0.17822,0.273213)
 [0.178219,0.250897)
 [0.178206,0.180726)
 [0.178174,0.289231)
 [0.178167,0.184812)
 [0.178146,0.19792)
 [0.178144,0.205316)
 [0.178084,0.201135)
 [0.178081,0.279607)
 [0.178076,0.249419)
 [0.178071,0.193345)
 [0.178056,0.199188)
 [0.177989,0.246044)
 [0.177918,0.202216)
 [0.177915,0.226896)
 [0.177885,0.206271)
 [0.177861,0.185549)
 [0.177846,0.248561)
 [0.177843,0.195385)
 [0.177786,0.278354)
 [0.177785,0.220901)
 [0.177732,0.338237)
 [0.177713,0.209104)
 [0.177651,0.276302)
 [0.177643,0.193332)
 [0.177584,0.232939)
 [0.177582,0.229362)
 [0.177553,0.216955)
 [0.177546,0.201501)
 [0.177543,0.189718)
 [0.177502,0.248868)
 [0.17749,0.28569)
 [0.177484,0.186158)
 [0.177477,0.230423)
 [0.177432,0.266621)
 [0.177378,0.204855)
 [0.177318,0.179393)
 [0.177301,0.209531)
 [0.177289,0.35835)
 [0.177267,0.221293)
 [0.177248,0.320196)
 [0.17723,0.223984)
 [0.177227,0.215701)
 [0.177192,0.254925)
 [0.177183,0.245865)
 [0.177139,0.206188)
 [0.177067,0.218486)
 [0.17706,0.32955)
 [0.177055,0.250603)
 [0.177028,0.281051)
 [0.177011,0.188305)
 [0.176974,0.213317)
 [0.17694,0.218286)
 [0.176932,0.19238)
 [0.176896,0.243854)
 [0.176861,0.204486)
 [0.176823,0.258165)
 [0.176765,0.184739)
 [0.176745,0.273803)
 [0.17667,0.277451)
 [0.176627,0.297235)
 [0.176602,0.270469)
 [0.176599,0.218977)
 [0.176597,0.192014)
 [0.176513,0.188602)
 [0.176501,0.176998)
 [0.176455,0.197117)
 [0.176327,0.228839)
 [0.17631,0.272182)
 [0.176269,0.209942)
 [0.176234,0.184675)
 [0.176206,0.270838)
 [0.176169,0.334595)
 [0.176134,0.197036)
 [0.176124,0.204637)
 [0.176082,0.220777)
 [0.17605,0.204427)
 [0.17603,0.190239)
 [0.175967,0.204013)
 [0.175942,0.288765)
 [0.175928,0.231204)
 [0.175857,0.246158)
 [0.17585,0.261919)
 [0.175841,0.234951)
 [0.175817,0.249519)
 [0.175657,0.214468)
 [0.175648,0.207242)
 [0.175623,0.238341)
 [0.175572,0.1829)
 [0.175516,0.25059)
 [0.175391,0.186345)
 [0.175332,0.179082)
 [0.175323,0.225075)
 [0.175292,0.247141)
 [0.175288,0.265515)
 [0.175287,0.225748)
 [0.175243,0.223658)
 [0.175177,0.19797)
 [0.175154,0.206852)
 [0.175143,0.252792)
 [0.175137,0.194056)
 [0.175115,0.202226)
 [0.175115,0.175735)
 [0.175068,0.260422)
 [0.174975,0.207698)
 [0.174973,0.280219)
 [0.17495,0.307631)
 [0.174944,0.213536)
 [0.174914,0.254127)
 [0.174906,0.266945)
 [0.1749,0.210501)
 [0.174874,0.258664)
 [0.174864,0.211221)
 [0.174858,0.230177)
 [0.174744,0.206871)
 [0.174734,0.19112)
 [0.174686,0.192599)
 [0.174633,0.294065)
 [0.174525,0.263631)
 [0.174485,0.190037)
 [0.17443,0.212558)
 [0.174405,0.21138)
 [0.174398,0.301776)
 [0.174364,0.349065)
 [0.174349,0.243055)
 [0.174298,0.204919)
 [0.174262,0.242464)
 [0.174239,0.292632)
 [0.174197,0.257268)
 [0.174194,0.204979)
 [0.174152,0.197124)
 [0.174095,0.267711)
 [0.174093,0.206847)
 [0.174081,0.208465)
 [0.174079,0.228832)
 [0.174072,0.221598)
 [0.173963,0.266636)
 [0.173941,0.176441)
 [0.173864,0.174476)
 [0.173855,0.218727)
 [0.173832,0.19379)
 [0.173776,0.312054)
 [0.173771,0.238434)
 [0.173766,0.227493)
 [0.173766,0.298394)
 [0.173666,0.223262)
 [0.173666,0.210538)
 [0.173629,0.183117)
 [0.173614,0.215441)
 [0.173579,0.183915)
 [0.173551,0.318706)
 [0.173527,0.184614)
 [0.173525,0.31929)
 [0.173525,0.252855)
 [0.173519,0.192699)
 [0.173483,0.232584)
 [0.173383,0.183138)
 [0.173361,0.251555)
 [0.17334,0.221595)
 [0.173292,0.226697)
 [0.173273,0.316266)
 [0.173179,0.333895)
 [0.173127,0.24015)
 [0.173121,0.20898)
 [0.173108,0.255415)
 [0.173092,0.231439)
 [0.173055,0.232713)
 [0.173031,0.299925)
 [0.173029,0.205282)
 [0.173013,0.196786)
 [0.172938,0.226645)
 [0.172931,0.234029)
 [0.172913,0.266271)
 [0.172911,0.207898)
 [0.172887,0.204999)
 [0.172869,0.202848)
 [0.172868,0.176867)
 [0.17285,0.203169)
 [0.172802,0.271123)
 [0.172759,0.323099)
 [0.172712,0.178103)
 [0.172696,0.201857)
 [0.172693,0.224513)
 [0.172689,0.201003)
 [0.17267,0.176565)
 [0.172652,0.173683)
 [0.172646,0.27645)
 [0.17263,0.18884)
 [0.172608,0.248497)
 [0.172605,0.185733)
 [0.172585,1.73804)
 [0.172552,0.26637)
 [0.172549,0.218945)
 [0.172527,0.302176)
 [0.172478,0.223221)
 [0.172478,0.269257)
 [0.172473,0.201021)
 [0.172445,0.222514)
 [0.172404,0.212591)
 [0.172397,0.215133)
 [0.172395,0.21653)
 [0.172373,0.300484)
 [0.172359,0.195346)
 [0.172354,0.175352)
 [0.172336,1.17812)
 [0.172327,0.361975)
 [0.172295,0.210268)
 [0.172293,0.242631)
 [0.172285,0.206825)
 [0.172257,0.246837)
 [0.172226,0.330325)
 [0.172208,0.222169)
 [0.172204,0.20827)
 [0.172202,0.199787)
 [0.172163,1.17947)
 [0.172092,1.73941)
 [0.172028,0.19056)
 [0.172015,0.26507)
 [0.171989,0.176269)
 [0.171949,0.189961)
 [0.171914,0.263079)
 [0.171888,0.232624)
 [0.17186,0.269413)
 [0.171812,0.191008)
 [0.171795,0.21895)
 [0.171789,0.227277)
 [0.171772,0.203387)
 [0.171727,0.183195)
 [0.171687,0.182222)
 [0.171673,0.177307)
 [0.171655,0.192768)
 [0.171645,0.272451)
 [0.171612,0.191962)
 [0.171485,0.234679)
 [0.171462,0.176747)
 [0.171454,1.1841)
 [0.171449,0.254298)
 [0.171428,0.214933)
 [0.171424,0.266676)
 [0.171414,0.180986)
 [0.171396,0.218058)
 [0.171395,0.246262)
 [0.171336,0.333057)
 [0.171279,0.222211)
 [0.171227,0.191538)
 [0.171199,0.250666)
 [0.171103,0.271328)
 [0.171099,0.197725)
 [0.171081,0.203822)
 [0.17097,0.17998)
 [0.170947,0.188529)
 [0.170923,0.194752)
 [0.170825,0.2272)
 [0.17081,0.190718)
 [0.170791,0.215266)
 [0.170788,0.270402)
 [0.170779,0.255319)
 [0.170754,0.189923)
 [0.170741,0.186929)
 [0.1707,0.239394)
 [0.170698,0.193073)
 [0.170693,0.188467)
 [0.170679,0.273431)
 [0.170609,0.172749)
 [0.170558,0.278412)
 [0.170545,0.280171)
 [0.170536,0.280154)
 [0.170527,0.26451)
 [0.170518,0.224198)
 [0.170515,0.184511)
 [0.17049,0.19102)
 [0.170433,0.271975)
 [0.170324,0.262696)
 [0.170288,0.250854)
 [0.170253,0.359846)
 [0.170235,0.224277)
 [0.170205,0.201929)
 [0.170132,0.219354)
 [0.17012,0.221302)
 [0.170097,0.242016)
 [0.170061,0.251322)
 [0.170021,0.226038)
 [0.169961,1.18574)
 [0.169956,0.17684)
 [0.169925,0.199666)
 [0.169885,0.210941)
 [0.169867,0.189636)
 [0.16986,0.21087)
 [0.169784,0.189226)
 [0.169736,0.220424)
 [0.169693,0.224248)
 [0.169673,0.195412)
 [0.169669,0.294067)
 [0.169666,1.73988)
 [0.169645,0.258033)
 [0.169642,0.193848)
 [0.169598,0.187325)
 [0.169585,0.190022)
 [0.169566,0.20483)
 [0.169561,1.73946)
 [0.169518,0.205261)
 [0.169451,0.230085)
 [0.16945,0.198607)
 [0.169445,0.295065)
 [0.169346,0.199933)
 [0.169336,0.173195)
 [0.169254,0.231661)
 [0.169188,0.208294)
 [0.169146,0.296975)
 [0.169118,0.193045)
 [0.169102,0.207119)
 [0.16909,0.214831)
 [0.169041,0.201295)
 [0.169037,0.18422)
 [0.169022,0.220401)
 [0.169018,0.19859)
 [0.169004,0.216712)
 [0.168965,0.190069)
 [0.168911,0.17145)
 [0.168875,0.18367)
 [0.168864,0.257195)
 [0.168826,0.18363)
 [0.168825,0.248649)
 [0.168804,0.267488)
 [0.168804,0.195882)
 [0.168797,0.179746)
 [0.168788,0.183257)
 [0.168776,0.210061)
 [0.168771,0.183769)
 [0.16877,0.194592)
 [0.168738,0.275918)
 [0.168715,0.194647)
 [0.168712,0.217593)
 [0.16871,0.235153)
 [0.1686,0.247856)
 [0.168479,0.203515)
 [0.16847,0.223369)
 [0.168449,0.255011)
 [0.168389,0.183634)
 [0.168356,0.204451)
 [0.168338,0.230625)
 [0.168297,0.267863)
 [0.168101,0.182452)
 [0.168057,0.247981)
 [0.168053,0.21058)
 [0.167959,0.183378)
 [0.167855,0.214164)
 [0.167835,0.204524)
 [0.167792,0.323235)
 [0.167739,0.221332)
 [0.167735,0.174)
 [0.16771,0.191497)
 [0.167648,0.207953)
 [0.167608,0.204143)
 [0.167596,0.263157)
 [0.167585,0.223654)
 [0.167573,0.186464)
 [0.167505,0.285222)
 [0.167468,0.167528)
 [0.167373,0.228274)
 [0.167369,0.169695)
 [0.167311,0.181387)
 [0.167157,0.209477)
 [0.167078,0.193202)
 [0.167008,0.199118)
 [0.166893,0.302741)
 [0.166891,0.242579)
 [0.166854,0.250122)
 [0.166812,0.233027)
 [0.166761,0.18508)
 [0.166754,0.177092)
 [0.166685,0.214588)
 [0.166682,0.210011)
 [0.166605,0.224783)
 [0.166576,0.181871)
 [0.16654,0.207138)
 [0.166535,0.213215)
 [0.166513,0.222099)
 [0.166484,0.211668)
 [0.166461,0.186021)
 [0.166456,0.22501)
 [0.166444,0.245524)
 [0.166393,0.189813)
 [0.166373,0.229299)
 [0.166284,0.193807)
 [0.166068,0.313596)
 [0.166067,0.208792)
 [0.166013,0.186222)
 [0.165871,0.167695)
 [0.16587,0.217156)
 [0.165727,0.166615)
 [0.165723,0.216089)
 [0.165669,0.166522)
 [0.165653,0.266445)
 [0.165497,0.214948)
 [0.165412,0.220321)
 [0.165405,0.170144)
 [0.165345,0.181152)
 [0.165329,0.189295)
 [0.165273,0.197585)
 [0.165263,0.197007)
 [0.165192,0.173703)
 [0.165191,0.17862)
 [0.165125,0.215191)
 [0.165046,0.194195)
 [0.165019,0.20185)
 [0.16496,0.173093)
 [0.164951,0.18341)
 [0.164856,0.265771)
 [0.164845,0.241579)
 [0.164843,0.196204)
 [0.164832,0.20763)
 [0.164782,0.182399)
 [0.164626,0.168653)
 [0.164554,0.175316)
 [0.164532,0.208068)
 [0.164473,0.166269)
 [0.164432,0.22665)
 [0.164396,0.169804)
 [0.164212,0.186755)
 [0.164181,0.194948)
 [0.164172,0.214222)
 [0.164061,0.252953)
 [0.164018,0.280471)
 [0.163946,0.184247)
 [0.16394,0.243254)
 [0.163866,0.182458)
 [0.16384,0.17328)
 [0.163827,0.202748)
 [0.163826,0.179176)
 [0.163784,0.258126)
 [0.163687,0.20773)
 [0.163681,0.24967)
 [0.163617,0.203544)
 [0.163521,0.196561)
 [0.163376,0.218742)
 [0.163357,0.165944)
 [0.163346,0.195622)
 [0.163292,0.185082)
 [0.163259,0.177958)
 [0.16322,0.182111)
 [0.163197,0.189261)
 [0.163127,0.187183)
 [0.163048,0.258879)
 [0.163,0.228629)
 [0.162989,0.203428)
 [0.162978,0.253431)
 [0.162974,0.176594)
 [0.162882,0.171075)
 [0.1628,0.190089)
 [0.162794,0.214504)
 [0.162646,0.230987)
 [0.162562,0.240499)
 [0.162529,0.257725)
 [0.16247,0.169031)
 [0.162449,0.171463)
 [0.162388,0.167571)
 [0.162151,0.227856)
 [0.162141,0.202216)
 [0.162122,0.180213)
 [0.162073,0.225585)
 [0.162041,0.200903)
 [0.162018,0.258748)
 [0.162006,0.214961)
 [0.161965,0.18272)
 [0.161935,0.203918)
 [0.161933,0.287747)
 [0.161908,0.230007)
 [0.161786,0.20308)
 [0.161731,0.197284)
 [0.161628,0.189838)
 [0.161601,0.164471)
 [0.161585,0.178912)
 [0.161552,0.16209)
 [0.161443,0.182674)
 [0.161423,0.166296)
 [0.16128,0.172718)
 [0.161274,0.192685)
 [0.161211,0.211703)
 [0.161197,0.192374)
 [0.161195,0.200272)
 [0.161174,0.208658)
 [0.161047,0.181869)
 [0.161022,0.226142)
 [0.161007,0.206329)
 [0.160983,0.218292)
 [0.160944,0.219765)
 [0.160943,0.198189)
 [0.160912,0.17964)
 [0.160801,0.167792)
 [0.160774,0.216002)
 [0.16076,0.174979)
 [0.16072,0.204938)
 [0.160634,0.228695)
 [0.160522,0.19088)
 [0.16037,0.172052)
 [0.160349,0.204606)
 [0.159989,0.160414)
 [0.15995,0.200282)
 [0.1599,0.181905)
 [0.159898,0.217296)
 [0.159865,0.210249)
 [0.159861,0.205461)
 [0.159849,0.208141)
 [0.159662,0.25916)
 [0.159512,0.16473)
 [0.159444,0.231727)
 [0.159407,0.226023)
 [0.159375,0.204659)
 [0.159204,0.220587)
 [0.159173,0.217227)
 [0.159041,0.192299)
 [0.158997,0.16827)
 [0.158774,0.182325)
 [0.158676,0.26926)
 [0.158672,0.192437)
 [0.158668,0.187972)
 [0.158554,0.201498)
 [0.158404,0.2037)
 [0.15838,0.21716)
 [0.158266,0.188956)
 [0.158221,0.263443)
 [0.158184,0.212891)
 [0.158153,0.166833)
 [0.158117,0.175481)
 [0.158052,0.188481)
 [0.15805,0.217446)
 [0.157931,0.173755)
 [0.157649,0.158927)
 [0.157633,0.168275)
 [0.157588,0.183017)
 [0.157364,0.185269)
 [0.157361,0.197158)
 [0.157342,0.167009)
 [0.157282,0.191397)
 [0.157178,0.261983)
 [0.157165,0.165008)
 [0.157102,0.210751)
 [0.157078,0.195483)
 [0.156939,0.189146)
 [0.156837,0.189645)
 [0.156835,0.179522)
 [0.156807,0.215942)
 [0.156674,0.20275)
 [0.156645,0.251234)
 [0.156603,0.192036)
 [0.156568,0.253322)
 [0.156339,0.240842)
 [0.156328,0.169212)
 [0.156294,0.215223)
 [0.156259,0.178372)
 [0.156242,0.227448)
 [0.156202,0.230009)
 [0.156076,0.188156)
 [0.156068,0.207352)
 [0.155917,0.193412)
 [0.155887,0.189288)
 [0.15586,0.156809)
 [0.15583,0.189649)
 [0.155798,0.230079)
 [0.155776,0.203285)
 [0.155737,0.166914)
 [0.155685,0.177539)
 [0.155684,0.182673)
 [0.155513,0.204043)
 [0.155508,0.198863)
 [0.15533,0.193119)
 [0.155329,0.192207)
 [0.155296,0.251613)
 [0.155268,0.184114)
 [0.155246,0.175018)
 [0.155123,0.190892)
 [0.155121,0.173349)
 [0.155077,0.228053)
 [0.155036,0.207131)
 [0.154909,0.175541)
 [0.154852,0.17014)
 [0.154718,0.20447)
 [0.154588,0.220964)
 [0.154518,0.170618)
 [0.154356,0.220131)
 [0.154216,0.171293)
 [0.153841,0.167392)
 [0.153584,0.209921)
 [0.15354,0.175401)
 [0.153538,0.246821)
 [0.153505,0.19503)
 [0.153504,0.206977)
 [0.153424,0.188469)
 [0.153404,0.184581)
 [0.153323,0.20089)
 [0.153231,0.163426)
 [0.15311,0.191804)
 [0.153099,0.182773)
 [0.153056,0.184995)
 [0.153026,0.188439)
 [0.153002,0.184429)
 [0.152968,0.18637)
 [0.152884,0.190322)
 [0.152876,0.198022)
 [0.152753,0.153017)
 [0.15269,0.165069)
 [0.152611,0.191306)
 [0.152414,0.226883)
 [0.152273,0.244059)
 [0.152261,0.180363)
 [0.152253,0.162964)
 [0.152225,0.171059)
 [0.152135,0.201756)
 [0.152065,0.179732)
 [0.152058,0.185135)
 [0.152017,0.209817)
 [0.151835,0.233826)
 [0.151795,0.197493)
 [0.151623,0.163046)
 [0.1516,0.221218)
 [0.151329,0.18955)
 [0.15132,0.178576)
 [0.15111,0.170882)
 [0.151062,0.160348)
 [0.150915,0.19571)
 [0.150871,0.180027)
 [0.150849,0.181177)
 [0.150672,0.212106)
 [0.150377,0.166929)
 [0.15027,0.196296)
 [0.15005,0.174967)
 [0.149775,0.172291)
 [0.149709,0.162568)
 [0.149608,0.180935)
 [0.149552,0.170123)
 [0.149503,0.166516)
 [0.149285,0.208204)
 [0.149066,0.179067)
 [0.149041,0.180055)
 [0.148758,0.164958)
 [0.148747,0.156194)
 [0.148675,0.187396)
 [0.148633,0.176476)
 [0.148543,0.164791)
 [0.147956,0.153087)
 [0.147839,0.199684)
 [0.147775,0.156925)
 [0.147652,0.184539)
 [0.147481,0.206149)
 [0.147143,0.195548)
 [0.146965,0.171972)
 [0.146638,0.166726)
 [0.146562,0.156027)
 [0.146415,0.155479)
 [0.146231,0.186238)
 [0.146152,0.173017)
 [0.14593,0.160929)
 [0.145857,0.14928)
 [0.145828,0.183147)
 [0.145586,0.212742)
 [0.145567,0.175049)
 [0.145564,0.223243)
 [0.145544,0.147661)
 [0.145489,0.171207)
 [0.145065,0.164578)
 [0.145033,0.162879)
 [0.144969,0.145563)
 [0.144871,0.172162)
 [0.144817,0.148405)
 [0.144108,0.180196)
 [0.143415,0.149585)
 [0.143119,0.18852)
 [0.142874,0.159387)
 [0.142821,0.172022)
 [0.142806,0.160873)
 [0.14139,0.176456)
 [0.141353,0.159499)
 [0.140866,0.142807)
 [0.140705,0.180129)
 [0.140203,0.172683)
 [0.140168,0.174758)
 [0.138519,0.140671)
 [0.137903,0.146575)
 [0.137063,0.165282)
 [0.136195,0.153025)
 [0.135988,0.15219)
 [0.13592,0.152076)
 [0.119947,0.176963)
persistence intervals in dim 2:
 [1.80519,1.80593)
 [1.80203,1.81367)
 [1.79288,1.79402)
 [1.77185,1.77266)
 [1.7667,1.7672)
 [1.76575,1.77268)
 [1.76364,1.76934)
 [1.76322,1.76607)
 [1.76303,1.76976)
 [1.76164,1.76625)
 [1.76147,1.76187)
 [1.76128,1.76585)
 [1.76098,1.76455)
 [1.76043,1.76764)
 [1.76002,1.76859)
 [1.75981,1.76848)
 [1.75968,1.76047)
 [1.75959,1.77088)
 [1.75922,1.76047)
 [1.75909,1.75916)
 [1.75889,1.75934)
 [1.75878,1.76256)
 [1.75874,1.76367)
 [1.7586,1.76466)
 [1.75845,1.76369)
 [1.75816,1.76136)
 [1.75779,1.76793)
 [1.75761,1.76372)
 [1.75759,1.77132)
 [1.75751,1.76134)
 [1.75692,1.75806)
 [1.75685,1.75931)
 [1.75682,1.75816)
 [1.75661,1.76848)
 [1.75659,1.76376)
 [1.75648,1.76031)
 [1.75643,1.75958)
 [1.75638,1.76452)
 [1.75594,1.76345)
 [1.75577,1.76268)
 [1.75542,1.75847)
 [1.75516,1.76841)
 [1.75488,1.76217)
 [1.7548,1.76432)
 [1.7546,1.76324)
 [1.75435,1.76942)
 [1.75426,1.76142)
 [1.75403,1.75901)
 [1.75393,1.76906)
 [1.75379,1.76706)
 [1.75375,1.75796)
 [1.75347,1.7623)
 [1.75347,1.75618)
 [1.75345,1.75662)
 [1.75339,1.75933)
 [1.75323,1.75802)
 [1.75321,1.77317)
 [1.75305,1.75505)
 [1.75299,1.76084)
 [1.75297,1.75752)
 [1.75231,1.75359)
 [1.752,1.76921)
 [1.75192,1.75769)
 [1.7519,1.7663)
 [1.75187,1.7645)
 [1.75155,1.75846)
 [1.75155,1.76498)
 [1.75142,1.76315)
 [1.75119,1.75534)
 [1.75111,1.75216)
 [1.75099,1.76784)
 [1.75063,1.77188)
 [1.75043,1.75767)
 [1.75016,1.76424)
 [1.75002,1.772)
 [1.74997,1.76421)
 [1.74918,1.76228)
 [1.74905,1.76353)
 [1.74883,1.75888)
 [1.74861,1.76672)
 [1.74837,1.75062)
 [1.74833,1.77258)
 [1.74833,1.76862)
 [1.7483,1.77125)
 [1.74806,1.76838)
 [1.74788,1.77839)
 [1.74782,1.76405)
 [1.74777,1.74826)
 [1.74759,1.76178)
 [1.74729,1.77278)
 [1.7469,1.76506)
 [1.74689,1.75946)
 [1.74575,1.77094)
 [1.74555,1.76398)
 [1.74553,1.74941)
 [1.74549,1.77622)
 [1.74532,1.74776)
 [1.74513,1.76924)
 [1.745,1.77485)
 [1.74461,1.76998)
 [1.74453,1.76901)
 [1.74447,1.75438)
 [1.74417,2.16199)
 [1.74401,1.76217)
 [1.74379,1.76664)
 [1.74372,1.77023)
 [1.74371,1.77153)
 [1.74346,1.76899)
 [1.74338,1.76088)
 [1.74322,1.77194)
 [1.74313,1.76983)
 [1.74302,1.76634)
 [1.74291,1.77427)
 [1.74289,1.76681)
 [1.74287,1.76904)
 [1.74252,1.76852)
 [1.74251,1.77928)
 [1.74248,1.77677)
 [1.74221,1.7734)
 [1.74192,1.76876)
 [1.74171,1.77435)
 [1.74164,1.77339)
 [1.74134,1.76837)
 [1.74113,1.77114)
 [1.74072,1.77337)
 [1.74066,2.16341)
 [1.74039,1.77633)
 [1.74001,1.76969)
 [1.73964,1.76322)
 [1.34539,1.34861)
 [1.32818,1.32854)
 [1.326,1.32927)
 [1.32041,1.32777)
 [1.31067,1.31326)
 [1.30854,1.30976)
 [1.30123,1.30351)
 [1.30035,1.30267)
 [1.29752,1.29904)
 [1.29487,1.29957)
 [1.29282,1.30033)
 [1.29251,1.29712)
 [1.2924,1.29869)
 [1.29238,1.29449)
 [1.29009,1.29486)
 [1.29007,1.29375)
 [1.28858,1.29301)
 [1.28816,1.29379)
 [1.28784,1.3011)
 [1.28727,1.29022)
 [1.28708,1.28886)
 [1.28689,1.30029)
 [1.28673,1.29589)
 [1.28574,1.29256)
 [1.28567,1.30365)
 [1.28383,1.28518)
 [1.28248,1.28307)
 [1.28044,1.28514)
 [1.27858,1.28169)
 [1.27691,1.28682)
 [1.27611,1.28993)
 [1.27412,1.27518)
 [1.27149,1.27645)
 [1.2712,1.27389)
 [1.27031,1.28399)
 [1.26752,1.27178)
 [1.26573,1.27218)
 [1.26246,1.27109)
 [1.26182,1.26345)
 [1.26042,1.26495)
 [1.25619,1.2577)
 [1.2557,1.26037)
 [1.25193,1.25927)
 [1.24825,1.2496)
 [1.24092,1.24323)
 [1.23899,1.24041)
 [1.23858,1.24734)
 [1.23761,1.23978)
 [1.23265,1.23502)
 [1.23122,1.23871)
 [1.22942,1.23578)
 [1.22762,1.22841)
 [1.22324,1.23487)
 [1.22231,1.22427)
 [1.22032,1.22362)
 [1.2199,1.22539)
 [1.21603,1.22191)
 [1.21359,1.21444)
 [1.21312,1.21733)
 [1.20976,1.21409)
 [1.20685,1.21093)
 [1.20358,1.20403)
 [1.20262,1.2033)
 [1.20025,1.20161)
 [1.19955,1.20365)
 [1.1993,1.20023)
 [1.19879,1.19922)
 [1.19876,1.20922)
 [1.19595,1.19707)
 [1.1947,1.19799)
 [1.19437,1.19914)
 [1.19364,1.19908)
 [1.19324,1.1943)
 [1.19215,1.19527)
 [1.19169,1.1949)
 [1.19153,1.19574)
 [1.19151,1.19804)
 [1.19137,1.19671)
 [1.19122,1.19277)
 [1.19069,1.19207)
 [1.19049,1.19993)
 [1.19019,1.30209)
 [1.18989,1.19174)
 [1.18941,1.1901)
 [1.18889,1.18981)
 [1.18854,1.19219)
 [1.18773,1.3014)
 [1.18738,1.19154)
 [1.18659,1.19148)
 [1.18651,1.3016)
 [1.18639,1.30637)
 [1.18622,1.19189)
 [1.1858,1.1862)
 [1.18516,1.1893)
 [1.18497,1.19128)
 [1.18483,1.19405)
 [1.18462,1.30418)
 [1.18418,1.18488)
 [1.18324,1.18506)
 [1.18304,1.18428)
 [1.1826,1.18786)
 [1.18233,1.18591)
 [1.18229,1.19011)
 [1.1814,1.18304)
 [1.18003,1.18115)
 [1.17895,1.18946)
 [1.17837,1.18277)
 [1.17814,1.18439)
 [1.17789,1.17913)
 [1.17673,1.17793)
 [1.17557,1.17622)
 [1.1748,1.17511)
 [1.17422,1.17518)
 [1.17396,1.17469)
 [1.17189,1.17306)
 [1.17053,1.17559)
 [1.16968,1.17084)
 [1.16916,1.17004)
 [1.16893,1.17113)
 [1.1688,1.17035)
 [1.16844,1.16929)
 [1.16827,1.16975)
 [1.16716,1.16867)
 [1.1671,1.16821)
 [1.16691,1.17004)
 [1.16619,1.16633)
 [1.16598,1.17001)
 [1.16334,1.16711)
 [1.16311,1.16562)
 [1.16064,1.16352)
 [0.437322,1.30705)
