 0,0.0308742
 0,0.0346509
 0,0.0348812
 0,0.0355218
 0,0.0355772
 0,0.0356564
 0,0.0361399
 0,0.03706
 0,0.0375849
 0,0.0376453
 0,0.0377097
 0,0.0378935
 0,0.0386582
 0,0.0387343
 0,0.0388827
 0,0.0391298
 0,0.0391879
 0,0.0395026
 0,0.039556
 0,0.0398772
 0,0.0400867
 0,0.0404303
 0,0.0404635
 0,0.0405495
 0,0.0407788
 0,0.0416068
 0,0.0417505
 0,0.0417993
 0,0.0419817
 0,0.0421325
 0,0.0422112
 0,0.0422831
 0,0.0423538
 0,0.0423931
 0,0.0425499
 0,0.0425827
 0,0.0427358
 0,0.0427479
 0,0.0428428
 0,0.0429602
 0,0.0429934
 0,0.0430761
 0,0.0432287
 0,0.0432512
 0,0.0433366
 0,0.0434032
 0,0.0434979
 0,0.0434996
 0,0.0435183
 0,0.0435405
 0,0.0436591
 0,0.0436725
 0,0.0439306
 0,0.0441196
 0,0.0441443
 0,0.0441683
 0,0.0441761
 0,0.0441948
 0,0.0442266
 0,0.0442593
 0,0.0442821
 0,0.0443047
 0,0.0443123
 0,0.0443405
 0,0.0444311
 0,0.0444351
 0,0.0444819
 0,0.0445031
 0,0.0445487
 0,0.0445596
 0,0.0446109
 0,0.0446904
 0,0.0448176
 0,0.044874
 0,0.044905
 0,0.0449955
 0,0.04501
 0,0.0450605
 0,0.0450739
 0,0.0451351
 0,0.0452025
 0,0.0452525
 0,0.0453865
 0,0.0453963
 0,0.0454034
 0,0.045424
 0,0.0454795
 0,0.0455131
 0,0.0455405
 0,0.0455835
 0,0.0456001
 0,0.0456705
 0,0.0456929
 0,0.0457352
 0,0.0458073
 0,0.0458267
 0,0.0458432
 0,0.0458944
 0,0.0459395
 0,0.0459473
 0,0.0459959
 0,0.0461273
 0,0.0461309
 0,0.0462384
 0,0.0462503
 0,0.0462668
 0,0.0462985
 0,0.0463193
 0,0.0463495
 0,0.0465478
 0,0.0466757
 0,0.0466796
 0,0.0466836
 0,0.0466958
 0,0.0467644
 0,0.0468282
 0,0.0468557
 0,0.0468662
 0,0.0468688
 0,0.0470097
 0,0.0470375
 0,0.0470621
 0,0.0470848
 0,0.0471929
 0,0.0472482
 0,0.047302
 0,0.047459
 0,0.047572
 0,0.0475995
 0,0.0476243
 0,0.0476856
 0,0.0477379
 0,0.0477564
 0,0.0478306
 0,0.0478861
 0,0.0479202
 0,0.0480559
 0,0.0481102
 0,0.04812
 0,0.0481824
 0,0.0484146
 0,0.0484444
 0,0.0485644
 0,0.048575
 0,0.0486566
 0,0.0486968
 0,0.048731
 0,0.0487413
 0,0.048769
 0,0.0487791
 0,0.0487796
 0,0.0487825
 0,0.0488101
 0,0.0488398
 0,0.0488664
 0,0.0489273
 0,0.0489528
 0,0.0490403
 0,0.0490678
 0,0.0490813
 0,0.0491689
 0,0.0491932
 0,0.0492515
 0,0.0493805
 0,0.0494488
 0,0.0494581
 0,0.0495103
 0,0.049551
 0,0.0495747
 0,0.0495756
 0,0.0496108
 0,0.0496865
 0,0.0497937
 0,0.0498108
 0,0.049831
 0,0.0498442
 0,0.0500966
 0,0.0501427
 0,0.0501728
 0,0.0502188
 0,0.0502513
 0,0.0502973
 0,0.0503577
 0,0.0503804
 0,0.0503853
 0,0.0505669
 0,0.0506505
 0,0.0506672
 0,0.0507343
 0,0.0507447
 0,0.0507642
 0,0.0507733
 0,0.0508059
 0,0.0509845
 0,0.0511248
 0,0.0511403
 0,0.0511486
 0,0.0511696
 0,0.0511978
 0,0.0512822
 0,0.0512922
 0,0.0513264
 0,0.0513292
 0,0.0513425
 0,0.0513598
 0,0.0513788
 0,0.0514227
 0,0.0514539
 0,0.0514808
 0,0.0515287
 0,0.0515578
 0,0.0515643
 0,0.0515706
 0,0.0515839
 0,0.0516139
 0,0.0516449
 0,0.0516871
 0,0.0518537
 0,0.0518634
 0,0.0518664
 0,0.0518741
 0,0.0519653
 0,0.0519759
 0,0.052048
 0,0.0521045
 0,0.0521393
 0,0.0522209
 0,0.0522934
 0,0.0523178
 0,0.0523318
 0,0.0523886
 0,0.052395
 0,0.0525092
 0,0.0525493
 0,0.0525657
 0,0.0526092
 0,0.0526837
 0,0.0526997
 0,0.0527164
 0,0.0527963
 0,0.0527973
 0,0.0528138
 0,0.0528164
 0,0.0528252
 0,0.0528629
 0,0.0528812
 0,0.0529254
 0,0.0529573
 0,0.0530413
 0,0.0530603
 0,0.0530784
 0,0.0531934
 0,0.0532417
 0,0.0533129
 0,0.0533266
 0,0.0534014
 0,0.0534269
 0,0.0534773
 0,0.0535467
 0,0.0535468
 0,0.0535517
 0,0.053562
 0,0.0536569
 0,0.0536976
 0,0.0538211
 0,0.053894
 0,0.0539192
 0,0.0539469
 0,0.0539714
 0,0.0540123
 0,0.0541417
 0,0.0541601
 0,0.0541664
 0,0.0541812
 0,0.0541859
 0,0.0542015
 0,0.0542219
 0,0.0543597
 0,0.0543691
 0,0.0544029
 0,0.0545039
 0,0.054555
 0,0.0545757
 0,0.054583
 0,0.0546266
 0,0.0546341
 0,0.0546359
 0,0.054672
 0,0.0547086
 0,0.0547224
 0,0.0547329
 0,0.0547456
 0,0.054799
 0,0.0548236
 0,0.0548653
 0,0.0549086
 0,0.0549371
 0,0.0549469
 0,0.0550333
 0,0.0551062
 0,0.0551063
 0,0.0551187
 0,0.0551501
 0,0.0552758
 0,0.0552953
 0,0.0553009
 0,0.0553208
 0,0.0553314
 0,0.0553474
 0,0.0553588
 0,0.0553628
 0,0.0553811
 0,0.0554861
 0,0.0554875
 0,0.0555037
 0,0.0555484
 0,0.0555627
 0,0.0555919
 0,0.055637
 0,0.0556806
 0,0.0556857
 0,0.0556934
 0,0.0557234
 0,0.0557669
 0,0.0558096
 0,0.0558802
 0,0.0559097
 0,0.0559548
 0,0.0559971
 0,0.0560071
 0,0.0560327
 0,0.0561858
 0,0.0562407
 0,0.0562806
 0,0.0563055
 0,0.0563256
 0,0.0564026
 0,0.0564375
 0,0.056438
 0,0.0564393
 0,0.0564434
 0,0.0564662
 0,0.0564996
 0,0.0565043
 0,0.0565152
 0,0.0565366
 0,0.0565372
 0,0.056579
 0,0.0566568
 0,0.0566673
 0,0.0566807
 0,0.0566845
 0,0.0567313
 0,0.0568337
 0,0.0568554
 0,0.0568626
 0,0.0569071
 0,0.0569523
 0,0.0569745
 0,0.0570065
 0,0.0570239
 0,0.0570912
 0,0.057165
 0,0.057207
 0,0.0572231
 0,0.0572379
 0,0.0572535
 0,0.057415
 0,0.057426
 0,0.0574843
 0,0.0574994
 0,0.0575005
 0,0.0575655
 0,0.0576479
 0,0.0576501
 0,0.0576577
 0,0.057663
 0,0.0577278
 0,0.0577684
 0,0.0577881
 0,0.0578068
 0,0.0578158
 0,0.0578504
 0,0.0578939
 0,0.0579708
 0,0.0579768
 0,0.0579889
 0,0.057993
 0,0.0580075
 0,0.0580115
 0,0.0580791
 0,0.058089
 0,0.0581151
 0,0.0581174
 0,0.0581338
 0,0.058143
 0,0.0581567
 0,0.0581574
 0,0.0582944
 0,0.0583596
 0,0.0583861
 0,0.0584912
 0,0.0586491
 0,0.0586615
 0,0.0586787
 0,0.0587062
 0,0.0587208
 0,0.058794
 0,0.0588836
 0,0.0589043
 0,0.0590237
 0,0.0590255
 0,0.0590388
 0,0.0590393
 0,0.0590571
 0,0.0590841
 0,0.0590886
 0,0.0591224
 0,0.0591413
 0,0.0591526
 0,0.059164
 0,0.0591689
 0,0.0592124
 0,0.0592326
 0,0.0592456
 0,0.0592761
 0,0.0592836
 0,0.0593122
 0,0.0593478
 0,0.0594366
 0,0.0594853
 0,0.0595367
 0,0.059598
 0,0.0596105
 0,0.0596348
 0,0.0596359
 0,0.0596628
 0,0.0596893
 0,0.0597295
 0,0.0597759
 0,0.0598099
 0,0.0598626
 0,0.0598785
 0,0.059919
 0,0.060029
 0,0.0600773
 0,0.0600889
 0,0.0601017
 0,0.0601019
 0,0.0601244
 0,0.0601272
 0,0.0601887
 0,0.0601991
 0,0.0602586
 0,0.0603104
 0,0.06033
 0,0.060387
 0,0.0603948
 0,0.0604301
 0,0.0604653
 0,0.0605065
 0,0.0605526
 0,0.0605648
 0,0.0605843
 0,0.0605866
 0,0.0606025
 0,0.0606258
 0,0.0606306
 0,0.0606381
 0,0.0606546
 0,0.0606772
 0,0.0606917
 0,0.0607052
 0,0.0607217
 0,0.0607818
 0,0.0608183
 0,0.0608444
 0,0.0608993
 0,0.0609037
 0,0.0609273
 0,0.060928
 0,0.0609454
 0,0.061014
 0,0.0610184
 0,0.0610639
 0,0.061107
 0,0.0611245
 0,0.061155
 0,0.0611596
 0,0.0611597
 0,0.0612044
 0,0.0612561
 0,0.0612886
 0,0.0613297
 0,0.0613598
 0,0.0614265
 0,0.0614491
 0,0.0614511
 0,0.0614774
 0,0.0614985
 0,0.0615249
 0,0.0615406
 0,0.0615444
 0,0.0615608
 0,0.0615789
 0,0.0616164
 0,0.0616489
 0,0.0616675
 0,0.0616896
 0,0.0617451
 0,0.061753
 0,0.0618194
 0,0.0618622
 0,0.061872
 0,0.0619328
 0,0.0619406
 0,0.0619772
 0,0.0619992
 0,0.0620499
 0,0.0620511
 0,0.0620787
 0,0.0620815
 0,0.0620966
 0,0.0621044
 0,0.0621281
 0,0.0621313
 0,0.0621474
 0,0.0621849
 0,0.0622032
 0,0.0622164
 0,0.0622254
 0,0.0622308
 0,0.0622487
 0,0.0622493
 0,0.0622643
 0,0.0622778
 0,0.0622918
 0,0.062319
 0,0.0623497
 0,0.0623498
 0,0.0623547
 0,0.0624372
 0,0.0624505
 0,0.0624722
 0,0.0624833
 0,0.062492
 0,0.0626383
 0,0.0626516
 0,0.0626785
 0,0.0627288
 0,0.0627311
 0,0.0627573
 0,0.0628156
 0,0.0628293
 0,0.0628622
 0,0.0628633
 0,0.0628705
 0,0.0629896
 0,0.0629923
 0,0.0629986
 0,0.0630107
 0,0.0630321
 0,0.0630871
 0,0.0630953
 0,0.063107
 0,0.0631379
 0,0.063185
 0,0.0632257
 0,0.0632275
 0,0.0632547
 0,0.0632806
 0,0.063294
 0,0.0633331
 0,0.0633703
 0,0.0633772
 0,0.0633863
 0,0.0633873
 0,0.0634542
 0,0.0634929
 0,0.0634969
 0,0.0635251
 0,0.0635308
 0,0.0635586
 0,0.0636657
 0,0.0637051
 0,0.0637376
 0,0.0637497
 0,0.0637544
 0,0.0637621
 0,0.0637849
 0,0.0638391
 0,0.0638424
 0,0.0639716
 0,0.0639838
 0,0.064054
 0,0.0641263
 0,0.064144
 0,0.0641509
 0,0.0641623
 0,0.064204
 0,0.0642172
 0,0.0642323
 0,0.0642616
 0,0.0643133
 0,0.0643238
 0,0.064362
 0,0.0643795
 0,0.0643969
 0,0.0644376
 0,0.0644462
 0,0.0644607
 0,0.0644726
 0,0.0644849
 0,0.0644908
 0,0.0645186
 0,0.0645913
 0,0.0646332
 0,0.0646619
 0,0.0646626
 0,0.0646764
 0,0.0647012
 0,0.0647353
 0,0.064778
 0,0.0647929
 0,0.0647972
 0,0.0648128
 0,0.064844
 0,0.0648658
 0,0.0649184
 0,0.0649204
 0,0.0649915
 0,0.0650363
 0,0.0650394
 0,0.0650647
 0,0.0650879
 0,0.0650905
 0,0.065145
 0,0.0651452
 0,0.065153
 0,0.0651731
 0,0.0651734
 0,0.0651981
 0,0.0652406
 0,0.0652693
 0,0.06529
 0,0.065293
 0,0.0653255
 0,0.0653673
 0,0.0653722
 0,0.0653725
 0,0.0654423
 0,0.065453
 0,0.0654564
 0,0.0654618
 0,0.0654949
 0,0.065515
 0,0.0655195
 0,0.0655216
 0,0.0655238
 0,0.065531
 0,0.0655374
 0,0.0656284
 0,0.0656592
 0,0.0656649
 0,0.0656733
 0,0.0657375
 0,0.0658201
 0,0.0658401
 0,0.0658402
 0,0.0659014
 0,0.0659308
 0,0.0659537
 0,0.0659543
 0,0.0659566
 0,0.0660643
 0,0.0660802
 0,0.0660924
 0,0.0661024
 0,0.0661108
 0,0.066149
 0,0.0661502
 0,0.0661725
 0,0.0661735
 0,0.0662097
 0,0.0662802
 0,0.0662914
 0,0.0663356
 0,0.066393
 0,0.0663934
 0,0.066443
 0,0.0664503
 0,0.0665203
 0,0.066532
 0,0.0665492
 0,0.0665693
 0,0.0665712
 0,0.066574
 0,0.0665894
 0,0.0666155
 0,0.0666169
 0,0.0666223
 0,0.0666334
 0,0.0666515
 0,0.0666526
 0,0.0666862
 0,0.0667406
 0,0.06676
 0,0.066777
 0,0.066804
 0,0.0668166
 0,0.0668215
 0,0.0668232
 0,0.0668392
 0,0.066881
 0,0.0668891
 0,0.0669126
 0,0.0669218
 0,0.0669458
 0,0.0669499
 0,0.0669724
 0,0.0669783
 0,0.0670134
 0,0.0670406
 0,0.0670673
 0,0.0670851
 0,0.0671082
 0,0.0671371
 0,0.067167
 0,0.0671835
 0,0.0671907
 0,0.0671913
 0,0.0671925
 0,0.067223
 0,0.0672461
 0,0.0673077
 0,0.0673208
 0,0.0673341
 0,0.067394
 0,0.0674457
 0,0.0674546
 0,0.0674568
 0,0.0674732
 0,0.0675089
 0,0.067528
 0,0.0675343
 0,0.0675412
 0,0.0675806
 0,0.0675908
 0,0.0675969
 0,0.0676175
 0,0.0676216
 0,0.0676233
 0,0.0676344
 0,0.0676371
 0,0.0676376
 0,0.0676456
 0,0.0676755
 0,0.0676806
 0,0.0676951
 0,0.0677228
 0,0.0677688
 0,0.0677955
 0,0.0678187
 0,0.0678214
 0,0.0678332
 0,0.0678899
 0,0.0679629
 0,0.0679639
 0,0.0679691
 0,0.0680021
 0,0.0680345
 0,0.0680362
 0,0.0680649
 0,0.0681392
 0,0.0681703
 0,0.0681863
 0,0.0682044
 0,0.0682048
 0,0.0682267
 0,0.0682491
 0,0.0683003
 0,0.0683191
 0,0.0683243
 0,0.06835
 0,0.0683916
 0,0.0683938
 0,0.0684473
 0,0.0685031
 0,0.0685178
 0,0.0685326
 0,0.0685605
 0,0.0685637
 0,0.0685703
 0,0.0685956
 0,0.0686124
 0,0.0686146
 0,0.0686237
 0,0.0686676
 0,0.0686747
 0,0.0686849
 0,0.0686948
 0,0.0687036
 0,0.0687041
 0,0.0687168
 0,0.068717
 0,0.0687309
 0,0.0687338
 0,0.0687593
 0,0.0687868
 0,0.0688003
 0,0.0688076
 0,0.068819
 0,0.068835
 0,0.0688352
 0,0.0688381
 0,0.0688654
 0,0.0688974
 0,0.0689212
 0,0.068967
 0,0.0689724
 0,0.0690142
 0,0.0691254
 0,0.069171
 0,0.0691816
 0,0.0691992
 0,0.0692054
 0,0.0692422
 0,0.0692697
 0,0.0692843
 0,0.0692963
 0,0.0693327
 0,0.0694671
 0,0.0694868
 0,0.0695002
 0,0.0695085
 0,0.06957
 0,0.0696405
 0,0.0696507
 0,0.0696541
 0,0.0696873
 0,0.0697078
 0,0.0697267
 0,0.0697388
 0,0.0697959
 0,0.0698165
 0,0.0698186
 0,0.0698356
 0,0.0698806
 0,0.0698826
 0,0.0698827
 0,0.0699182
 0,0.0699474
 0,0.0699489
 0,0.0701022
 0,0.0701037
 0,0.0701255
 0,0.0701462
 0,0.0701484
 0,0.0701487
 0,0.0701571
 0,0.0701635
 0,0.0701636
 0,0.0702266
 0,0.070253
 0,0.0702641
 0,0.0703259
 0,0.0703388
 0,0.0703514
 0,0.0703755
 0,0.0703775
 0,0.0703819
 0,0.070397
 0,0.0704177
 0,0.0704338
 0,0.0704919
 0,0.070516
 0,0.0705362
 0,0.0705447
 0,0.0706223
 0,0.0707151
 0,0.0707197
 0,0.0707349
 0,0.0707613
 0,0.0707643
 0,0.0707676
 0,0.0707884
 0,0.0707969
 0,0.0708049
 0,0.0708313
 0,0.0708337
 0,0.0708578
 0,0.0708784
 0,0.0708804
 0,0.0709211
 0,0.0710058
 0,0.0710304
 0,0.0710313
 0,0.0710519
 0,0.0710879
 0,0.0711496
 0,0.0711736
 0,0.0711822
 0,0.0712145
 0,0.0712897
 0,0.0712913
 0,0.0713232
 0,0.0713237
 0,0.0713439
 0,0.0713706
 0,0.0713819
 0,0.0714233
 0,0.0714633
 0,0.0714693
 0,0.0714755
 0,0.0715023
 0,0.0715453
 0,0.0715644
 0,0.0715702
 0,0.0715832
 0,0.0716077
 0,0.0716435
 0,0.0716488
 0,0.0717651
 0,0.0717789
 0,0.0717841
 0,0.0717983
 0,0.0718121
 0,0.0718705
 0,0.0718743
 0,0.0718884
 0,0.0718945
 0,0.0719979
 0,0.0720113
 0,0.0720403
 0,0.0721064
 0,0.0721473
 0,0.0721728
 0,0.0721903
 0,0.0721925
 0,0.0722077
 0,0.0722148
 0,0.0722316
 0,0.0722502
 0,0.0722536
 0,0.0723053
 0,0.072322
 0,0.0723277
 0,0.0723359
 0,0.0723404
 0,0.0723619
 0,0.0724003
 0,0.0724168
 0,0.0724184
 0,0.0724237
 0,0.0724398
 0,0.0724553
 0,0.0724794
 0,0.0726228
 0,0.0726343
 0,0.0726568
 0,0.0727061
 0,0.0727412
 0,0.0727464
 0,0.0727673
 0,0.0727773
 0,0.072779
 0,0.0727887
 0,0.0727974
 0,0.0728168
 0,0.0728374
 0,0.0728536
 0,0.0728544
 0,0.072889
 0,0.0729235
 0,0.0729436
 0,0.0729497
 0,0.0729666
 0,0.0729758
 0,0.0729891
 0,0.0729919
 0,0.0730192
 0,0.0730755
 0,0.0730937
 0,0.0731453
 0,0.0731608
 0,0.073163
 0,0.0731757
 0,0.0731839
 0,0.0732007
 0,0.073212
 0,0.0732239
 0,0.0732405
 0,0.0732755
 0,0.0732827
 0,0.0733162
 0,0.0733226
 0,0.073334
 0,0.0733553
 0,0.0733609
 0,0.0733804
 0,0.0734201
 0,0.0734446
 0,0.0734541
 0,0.0734585
 0,0.0735019
 0,0.0735087
 0,0.0735147
 0,0.0735332
 0,0.0735431
 0,0.073547
 0,0.0735516
 0,0.0735551
 0,0.0735706
 0,0.0735837
 0,0.0735954
 0,0.0736171
 0,0.0736777
 0,0.0736939
 0,0.0737209
 0,0.0737583
 0,0.0737593
 0,0.0737954
 0,0.0738844
 0,0.0738852
 0,0.0739343
 0,0.0739714
 0,0.073993
 0,0.073997
 0,0.0740212
 0,0.0740418
 0,0.0740748
 0,0.0740901
 0,0.0741096
 0,0.0741184
 0,0.0741478
 0,0.0741754
 0,0.0741862
 0,0.0742346
 0,0.0742474
 0,0.0742531
 0,0.0742559
 0,0.0742569
 0,0.0742776
 0,0.0742964
 0,0.0743008
 0,0.0743251
 0,0.0743712
 0,0.0743973
 0,0.0744384
 0,0.0744543
 0,0.074474
 0,0.074494
 0,0.0745054
 0,0.0745086
 0,0.0745194
 0,0.0745403
 0,0.0745834
 0,0.074592
 0,0.0746263
 0,0.0746382
 0,0.0746386
 0,0.0746633
 0,0.074707
 0,0.0747141
 0,0.0747282
 0,0.0747387
 0,0.0747525
 0,0.0747593
 0,0.0747907
 0,0.0747992
 0,0.0748043
 0,0.0748192
 0,0.0748247
 0,0.0748318
 0,0.0748556
 0,0.0748619
 0,0.0749058
 0,0.074969
 0,0.0749791
 0,0.07499
 0,0.0750013
 0,0.0750029
 0,0.0750266
 0,0.0750727
 0,0.075077
 0,0.075127
 0,0.0751335
 0,0.0751439
 0,0.0751579
 0,0.0751588
 0,0.0751658
 0,0.0752152
 0,0.0752364
 0,0.0752446
 0,0.075254
 0,0.0752653
 0,0.0752663
 0,0.0752819
 0,0.0752958
 0,0.0753198
 0,0.0753406
 0,0.0753424
 0,0.0753696
 0,0.0754178
 0,0.0754306
 0,0.0754522
 0,0.075455
 0,0.0754704
 0,0.0754756
 0,0.0754966
 0,0.0755004
 0,0.0755246
 0,0.0755391
 0,0.0755417
 0,0.0755933
 0,0.0756294
 0,0.0756352
 0,0.0756369
 0,0.0756946
 0,0.075773
 0,0.0757839
 0,0.0758153
 0,0.0758251
 0,0.0758412
 0,0.0758528
 0,0.0758595
 0,0.0758865
 0,0.0759142
 0,0.0759305
 0,0.0759392
 0,0.075964
 0,0.0759673
 0,0.0759758
 0,0.0759853
 0,0.0761022
 0,0.0761336
 0,0.0761362
 0,0.0761485
 0,0.076167
 0,0.0761695
 0,0.0761701
 0,0.0761782
 0,0.0762054
 0,0.0762072
 0,0.0762141
 0,0.0762208
 0,0.0762989
 0,0.0763011
 0,0.0763418
 0,0.0763525
 0,0.0763753
 0,0.0764126
 0,0.0764361
 0,0.0764377
 0,0.0764551
 0,0.0764629
 0,0.0765455
 0,0.0765593
 0,0.076575
 0,0.0765832
 0,0.0765897
 0,0.0765963
 0,0.0766021
 0,0.0766108
 0,0.0766476
 0,0.0766647
 0,0.0767033
 0,0.0767079
 0,0.0767124
 0,0.0767228
 0,0.0767228
 0,0.0767353
 0,0.0767678
 0,0.0767682
 0,0.0767734
 0,0.0767814
 0,0.0767996
 0,0.0768501
 0,0.076859
 0,0.0768745
 0,0.0768756
 0,0.0768812
 0,0.0769505
 0,0.0769969
 0,0.0770369
 0,0.0770622
 0,0.0770703
 0,0.0770807
 0,0.0770874
 0,0.0771127
 0,0.0771184
 0,0.0771393
 0,0.077168
 0,0.0771737
 0,0.0772082
 0,0.0772149
 0,0.0772507
 0,0.0772628
 0,0.0772759
 0,0.0772834
 0,0.0773941
 0,0.0773942
 0,0.0774333
 0,0.0774983
 0,0.0775004
 0,0.0775986
 0,0.0776156
 0,0.0776784
 0,0.0776894
 0,0.0776927
 0,0.0777099
 0,0.0777392
 0,0.0777437
 0,0.0777488
 0,0.0778082
 0,0.0778664
 0,0.0778739
 0,0.0778977
 0,0.0779129
 0,0.0779157
 0,0.0779196
 0,0.0779477
 0,0.0779915
 0,0.0780245
 0,0.0780468
 0,0.0780689
 0,0.0780853
 0,0.0781082
 0,0.0781239
 0,0.0781914
 0,0.0781946
 0,0.0782074
 0,0.0782243
 0,0.078227
 0,0.0782453
 0,0.0782908
 0,0.0783132
 0,0.0783159
 0,0.0783376
 0,0.0783631
 0,0.0783774
 0,0.0784129
 0,0.0784409
 0,0.0785058
 0,0.0785137
 0,0.0785623
 0,0.0785975
 0,0.0786043
 0,0.078614
 0,0.0786163
 0,0.0786421
 0,0.0786436
 0,0.078668
 0,0.0786717
 0,0.0786889
 0,0.0786893
 0,0.0787046
 0,0.0788395
 0,0.0788533
 0,0.0788889
 0,0.0788935
 0,0.0789973
 0,0.0790223
 0,0.0790949
 0,0.0791121
 0,0.0791222
 0,0.0791555
 0,0.0792402
 0,0.0792453
 0,0.0792897
 0,0.0792943
 0,0.0792947
 0,0.0792967
 0,0.079299
 0,0.0793214
 0,0.0793438
 0,0.0793947
 0,0.0794087
 0,0.0794153
 0,0.0794852
 0,0.0795034
 0,0.0795941
 0,0.0795992
 0,0.0796233
 0,0.0796585
 0,0.0796617
 0,0.0796878
 0,0.0797046
 0,0.0797421
 0,0.0797654
 0,0.0797737
 0,0.0798105
 0,0.0798532
 0,0.0798708
 0,0.0798724
 0,0.0798817
 0,0.0799238
 0,0.0799411
 0,0.079972
 0,0.0799903
 0,0.0800044
 0,0.0800064
 0,0.0800705
 0,0.0800708
 0,0.0800725
 0,0.0800936
 0,0.0800987
 0,0.0801117
 0,0.0801367
 0,0.0801374
 0,0.0801644
 0,0.0801815
 0,0.0801829
 0,0.0801925
 0,0.0802131
 0,0.0802234
 0,0.0802299
 0,0.0802357
 0,0.0802512
 0,0.0803507
 0,0.0803599
 0,0.0803659
 0,0.0803695
 0,0.0804009
 0,0.0804011
 0,0.0804365
 0,0.0804456
 0,0.080467
 0,0.0804701
 0,0.0804966
 0,0.0805493
 0,0.0805767
 0,0.0805965
 0,0.0806124
 0,0.0806164
 0,0.0806216
 0,0.080646
 0,0.0806606
 0,0.0806684
 0,0.0807012
 0,0.0807078
 0,0.0807165
 0,0.080732
 0,0.0807745
 0,0.0807834
 0,0.0808019
 0,0.0808146
 0,0.0808506
 0,0.0808529
 0,0.0808664
 0,0.0808824
 0,0.0808902
 0,0.0809216
 0,0.0809728
 0,0.0809826
 0,0.0809951
 0,0.0810157
 0,0.0810561
 0,0.0810693
 0,0.0810795
 0,0.0811072
 0,0.0811177
 0,0.0811231
 0,0.0811302
 0,0.0811641
 0,0.0811717
 0,0.0811765
 0,0.0811937
 0,0.0811947
 0,0.0812105
 0,0.0812214
 0,0.0812284
 0,0.0812414
 0,0.0813208
 0,0.0813309
 0,0.0813425
 0,0.0813572
 0,0.0813636
 0,0.0813995
 0,0.0814051
 0,0.0814099
 0,0.0814223
 0,0.0814405
 0,0.081449
 0,0.0814497
 0,0.081462
 0,0.0815212
 0,0.0815238
 0,0.0815705
 0,0.0815708
 0,0.0815723
 0,0.0815767
 0,0.0816409
 0,0.081795
 0,0.0818036
 0,0.0818678
 0,0.0818709
 0,0.0818854
 0,0.0818965
 0,0.0819165
 0,0.0819555
 0,0.0819804
 0,0.0820294
 0,0.0820819
 0,0.082097
 0,0.082112
 0,0.0821301
 0,0.0822034
 0,0.0822458
 0,0.0822563
 0,0.0822581
 0,0.0822727
 0,0.0822848
 0,0.0823044
 0,0.0823875
 0,0.0824074
 0,0.0824129
 0,0.0824635
 0,0.0824853
 0,0.082494
 0,0.0825098
 0,0.0825153
 0,0.0825577
 0,0.0825645
 0,0.0825891
 0,0.0825943
 0,0.0826159
 0,0.0827096
 0,0.0827224
 0,0.0828132
 0,0.0828308
 0,0.0828701
 0,0.0828734
 0,0.0828839
 0,0.082909
 0,0.0829287
 0,0.0829318
 0,0.0829376
 0,0.0829634
 0,0.0829693
 0,0.0829698
 0,0.0829867
 0,0.082999
 0,0.083035
 0,0.0830409
 0,0.0830846
 0,0.083122
 0,0.0831449
 0,0.0831688
 0,0.0831802
 0,0.0831966
 0,0.0832483
 0,0.0832504
 0,0.0832606
 0,0.0832696
 0,0.0832718
 0,0.083286
 0,0.0832945
 0,0.0833173
 0,0.0833216
 0,0.083325
 0,0.0833469
 0,0.0833469
 0,0.0833945
 0,0.0834341
 0,0.0834399
 0,0.0834717
 0,0.0834838
 0,0.083529
 0,0.08355
 0,0.0835512
 0,0.0835512
 0,0.0835538
 0,0.0835832
 0,0.0836605
 0,0.0837076
 0,0.0837266
 0,0.0837567
 0,0.0837646
 0,0.0838344
 0,0.0838441
 0,0.0838624
 0,0.0838772
 0,0.0838956
 0,0.083921
 0,0.0840004
 0,0.0840519
 0,0.0840758
 0,0.0840786
 0,0.0840873
 0,0.0841032
 0,0.0841066
 0,0.0841221
 0,0.0841475
 0,0.0841683
 0,0.0841699
 0,0.0841703
 0,0.08419
 0,0.0842199
 0,0.0842653
 0,0.0842734
 0,0.0842966
 0,0.0843382
 0,0.0843401
 0,0.0843868
 0,0.0844086
 0,0.0844273
 0,0.0844611
 0,0.084484
 0,0.0845175
 0,0.0845336
 0,0.0845424
 0,0.0846044
 0,0.0846205
 0,0.0846322
 0,0.0846434
 0,0.0846562
 0,0.084673
 0,0.0846787
 0,0.0846955
 0,0.0847054
 0,0.0847553
 0,0.0847685
 0,0.084819
 0,0.0848219
 0,0.0848981
 0,0.0849661
 0,0.0849748
 0,0.0849763
 0,0.0850141
 0,0.0850341
 0,0.0850443
 0,0.0850642
 0,0.0851011
 0,0.0851057
 0,0.0851129
 0,0.0851259
 0,0.0851289
 0,0.0851326
 0,0.0851482
 0,0.0851668
 0,0.0851713
 0,0.0851825
 0,0.0852139
 0,0.0852907
 0,0.0853331
 0,0.0854121
 0,0.0854555
 0,0.0854562
 0,0.0855588
 0,0.0856203
 0,0.0856294
 0,0.0856472
 0,0.0856481
 0,0.0856899
 0,0.0857069
 0,0.0857184
 0,0.0857311
 0,0.0857624
 0,0.0858012
 0,0.0858452
 0,0.0858724
 0,0.0858766
 0,0.0858842
 0,0.0858861
 0,0.0858882
 0,0.0859064
 0,0.0859786
 0,0.0859886
 0,0.086002
 0,0.0860507
 0,0.0860848
 0,0.0860888
 0,0.0860924
 0,0.0861073
 0,0.0861169
 0,0.0862338
 0,0.0862418
 0,0.0862441
 0,0.086314
 0,0.0863417
 0,0.0863854
 0,0.0864262
 0,0.086466
 0,0.0864848
 0,0.0864869
 0,0.0865025
 0,0.0865124
 0,0.0865635
 0,0.0865943
 0,0.0866323
 0,0.0866794
 0,0.0867098
 0,0.0867263
 0,0.0867315
 0,0.0867819
 0,0.086782
 0,0.0867851
 0,0.0868247
 0,0.0868316
 0,0.0868361
 0,0.0868453
 0,0.0869145
 0,0.0869472
 0,0.0869549
 0,0.0869958
 0,0.0870036
 0,0.0870092
 0,0.0870306
 0,0.0871014
 0,0.0871493
 0,0.0871783
 0,0.0871927
 0,0.0872003
 0,0.0872339
 0,0.0872431
 0,0.0872845
 0,0.0873041
 0,0.0873196
 0,0.0873226
 0,0.0873264
 0,0.0873816
 0,0.0874163
 0,0.0874269
 0,0.0874341
 0,0.0874434
 0,0.0874663
 0,0.0874671
 0,0.087488
 0,0.0875238
 0,0.0875295
 0,0.087567
 0,0.0875693
 0,0.087578
 0,0.0876586
 0,0.0876817
 0,0.087693
 0,0.0877061
 0,0.087709
 0,0.0877489
 0,0.087849
 0,0.0878597
 0,0.0878792
 0,0.0879467
 0,0.0879613
 0,0.0879871
 0,0.0880062
 0,0.0880171
 0,0.0880871
 0,0.0881514
 0,0.088158
 0,0.0882445
 0,0.0882778
 0,0.0882851
 0,0.0882855
 0,0.0882936
 0,0.0883012
 0,0.0883069
 0,0.0883237
 0,0.0884251
 0,0.0884309
 0,0.0884565
 0,0.0884641
 0,0.088468
 0,0.0884721
 0,0.0884793
 0,0.0884795
 0,0.0885122
 0,0.0885134
 0,0.0885866
 0,0.0885899
 0,0.0886056
 0,0.0886336
 0,0.0886507
 0,0.0886804
 0,0.0886985
 0,0.0887059
 0,0.0887221
 0,0.0887281
 0,0.0888742
 0,0.0889078
 0,0.088923
 0,0.088951
 0,0.0889909
 0,0.0890138
 0,0.0890467
 0,0.0890756
 0,0.0890883
 0,0.0891425
 0,0.0891568
 0,0.0891989
 0,0.089204
 0,0.089216
 0,0.0892469
 0,0.0892683
 0,0.0892821
 0,0.0892993
 0,0.0893024
 0,0.0893953
 0,0.089542
 0,0.0895487
 0,0.0895705
 0,0.0895728
 0,0.0895773
 0,0.0896023
 0,0.0896149
 0,0.0896628
 0,0.0896966
 0,0.0897519
 0,0.0897861
 0,0.0898338
 0,0.0898631
 0,0.0898665
 0,0.0898749
 0,0.0898833
 0,0.0900044
 0,0.0900184
 0,0.0900253
 0,0.0900338
 0,0.0900689
 0,0.0900786
 0,0.0900812
 0,0.0901158
 0,0.0901266
 0,0.0901811
 0,0.0902201
 0,0.0902323
 0,0.0902354
 0,0.0902542
 0,0.0902978
 0,0.0903231
 0,0.090344
 0,0.0903666
 0,0.0903709
 0,0.0903857
 0,0.0903857
 0,0.0903891
 0,0.0904051
 0,0.0904336
 0,0.0904826
 0,0.0904831
 0,0.0905184
 0,0.0905506
 0,0.0905665
 0,0.0905832
 0,0.0905897
 0,0.0905926
 0,0.0906073
 0,0.0906146
 0,0.0906228
 0,0.0906321
 0,0.0906475
 0,0.090661
 0,0.0906684
 0,0.0906827
 0,0.0907153
 0,0.0907335
 0,0.0907581
 0,0.0907667
 0,0.0907669
 0,0.0907696
 0,0.0907772
 0,0.0908119
 0,0.090816
 0,0.0909267
 0,0.0909618
 0,0.0909858
 0,0.0910016
 0,0.0910097
 0,0.0910431
 0,0.0910881
 0,0.0910932
 0,0.0911004
 0,0.0911871
 0,0.0911947
 0,0.0912039
 0,0.0912162
 0,0.0912262
 0,0.0912282
 0,0.0912548
 0,0.091265
 0,0.0912816
 0,0.0912837
 0,0.0913182
 0,0.0913285
 0,0.0913932
 0,0.0913944
 0,0.0914663
 0,0.0914686
 0,0.0914736
 0,0.0915252
 0,0.0915297
 0,0.0915597
 0,0.0915615
 0,0.0916136
 0,0.091614
 0,0.0916335
 0,0.091634
 0,0.0916652
 0,0.0917309
 0,0.0917406
 0,0.0917487
 0,0.0917869
 0,0.0918946
 0,0.0919224
 0,0.0919309
 0,0.0919708
 0,0.0921066
 0,0.0921415
 0,0.0921428
 0,0.092144
 0,0.0921461
 0,0.0921512
 0,0.0921691
 0,0.0922159
 0,0.0922273
 0,0.0922276
 0,0.0922286
 0,0.0922515
 0,0.0922755
 0,0.0922888
 0,0.0923002
 0,0.0923186
 0,0.0923635
 0,0.0924066
 0,0.0924189
 0,0.0924261
 0,0.0924356
 0,0.0924418
 0,0.0924441
 0,0.0924469
 0,0.0924607
 0,0.092513
 0,0.0925444
 0,0.0925609
 0,0.0925708
 0,0.0926454
 0,0.09267
 0,0.0927571
 0,0.0928935
 0,0.0929964
 0,0.0930033
 0,0.0930788
 0,0.0930874
 0,0.0931199
 0,0.093132
 0,0.0931533
 0,0.0932112
 0,0.0932265
 0,0.0932583
 0,0.0932759
 0,0.093276
 0,0.0932809
 0,0.093289
 0,0.093368
 0,0.0933969
 0,0.0934316
 0,0.0934911
 0,0.0935126
 0,0.0935552
 0,0.0936128
 0,0.0936339
 0,0.0936642
 0,0.0936943
 0,0.0937154
 0,0.0937505
 0,0.0937991
 0,0.0938047
 0,0.0938235
 0,0.0938933
 0,0.0939374
 0,0.0940768
 0,0.0941432
 0,0.0941437
 0,0.0942289
 0,0.09423
 0,0.0942315
 0,0.0942658
 0,0.0943327
 0,0.0943515
 0,0.0943564
 0,0.094361
 0,0.0943651
 0,0.0943717
 0,0.0943957
 0,0.0944166
 0,0.094436
 0,0.0944368
 0,0.0944494
 0,0.0944571
 0,0.0944633
 0,0.0944683
 0,0.0945026
 0,0.0945824
 0,0.0946024
 0,0.0946465
 0,0.0946552
 0,0.0946693
 0,0.0947205
 0,0.0947247
 0,0.0947335
 0,0.0947492
 0,0.0947721
 0,0.0947832
 0,0.0948121
 0,0.0948434
 0,0.0948436
 0,0.0948494
 0,0.0948682
 0,0.0948812
 0,0.0949146
 0,0.0949812
 0,0.0950006
 0,0.0950049
 0,0.0950445
 0,0.095059
 0,0.0951065
 0,0.0951215
 0,0.0951366
 0,0.095138
 0,0.0951776
 0,0.0951887
 0,0.0952057
 0,0.095211
 0,0.0952119
 0,0.0952167
 0,0.0952516
 0,0.0952536
 0,0.0952657
 0,0.0952735
 0,0.0953024
 0,0.0953083
 0,0.095336
 0,0.0953997
 0,0.0954378
 0,0.0954392
 0,0.0954585
 0,0.0954636
 0,0.0955377
 0,0.0955618
 0,0.0955859
 0,0.0956311
 0,0.0956374
 0,0.0956387
 0,0.0956838
 0,0.0957019
 0,0.0957561
 0,0.0957844
 0,0.0958111
 0,0.0958339
 0,0.0958689
 0,0.0958782
 0,0.0959009
 0,0.0959123
 0,0.0959125
 0,0.0959199
 0,0.0959362
 0,0.095963
 0,0.0959694
 0,0.0959823
 0,0.0959909
 0,0.0960048
 0,0.0960278
 0,0.0960299
 0,0.0960536
 0,0.0960542
 0,0.0960768
 0,0.0961313
 0,0.0961384
 0,0.0961954
 0,0.0961957
 0,0.0961989
 0,0.0962352
 0,0.0962616
 0,0.0962698
 0,0.0963144
 0,0.0963255
 0,0.0963699
 0,0.0963864
 0,0.0964232
 0,0.0964509
 0,0.0964969
 0,0.0964971
 0,0.0965408
 0,0.0965424
 0,0.0965468
 0,0.0965584
 0,0.0965842
 0,0.0966254
 0,0.0966358
 0,0.0966609
 0,0.0966957
 0,0.0967352
 0,0.0967352
 0,0.0968076
 0,0.0968326
 0,0.0968376
 0,0.0968659
 0,0.0968772
 0,0.0968935
 0,0.0968973
 0,0.0969128
 0,0.0970451
 0,0.0970629
 0,0.0970999
 0,0.097127
 0,0.0971672
 0,0.0972041
 0,0.0972147
 0,0.0972293
 0,0.0972477
 0,0.0972494
 0,0.0972763
 0,0.097313
 0,0.0973254
 0,0.0973661
 0,0.0973678
 0,0.0973812
 0,0.0973929
 0,0.0974267
 0,0.0974376
 0,0.0974437
 0,0.0974548
 0,0.097472
 0,0.0974731
 0,0.0974895
 0,0.0975138
 0,0.0975196
 0,0.0976818
 0,0.0976843
 0,0.0976963
 0,0.0977852
 0,0.097786
 0,0.0978025
 0,0.0978156
 0,0.0978514
 0,0.0978575
 0,0.0978692
 0,0.0978765
 0,0.0978983
 0,0.0979068
 0,0.0979705
 0,0.09798
 0,0.0980085
 0,0.0980494
 0,0.0982004
 0,0.0982145
 0,0.0982379
 0,0.0983843
 0,0.0984114
 0,0.0984121
 0,0.0984178
 0,0.0984296
 0,0.0984662
 0,0.0984728
 0,0.0984787
 0,0.0984851
 0,0.0985049
 0,0.0985387
 0,0.0986867
 0,0.0986921
 0,0.098698
 0,0.0986999
 0,0.0987231
 0,0.0987829
 0,0.0987916
 0,0.0988036
 0,0.0988134
 0,0.0988542
 0,0.0988544
 0,0.0988976
 0,0.0989072
 0,0.0989084
 0,0.0989266
 0,0.0989706
 0,0.0990458
 0,0.0990458
 0,0.0990762
 0,0.0991556
 0,0.099214
 0,0.0992606
 0,0.0992965
 0,0.0993261
 0,0.0993414
 0,0.0994596
 0,0.0994929
 0,0.0995736
 0,0.0996042
 0,0.0996305
 0,0.0996647
 0,0.0996697
 0,0.0997253
 0,0.0997346
 0,0.0997578
 0,0.0997901
 0,0.0998125
 0,0.0999247
 0,0.0999276
 0,0.0999291
 0,0.0999482
 0,0.0999485
 0,0.0999581
 0,0.100012
 0,0.100034
 0,0.100064
 0,0.100093
 0,0.100104
 0,0.100125
 0,0.100148
 0,0.100182
 0,0.100217
 0,0.10022
 0,0.100223
 0,0.100228
 0,0.100236
 0,0.100239
 0,0.100251
 0,0.100263
 0,0.100272
 0,0.10028
 0,0.100282
 0,0.100291
 0,0.100328
 0,0.100397
 0,0.100422
 0,0.10044
 0,0.100455
 0,0.100508
 0,0.100521
 0,0.100528
 0,0.100541
 0,0.100572
 0,0.100707
 0,0.100725
 0,0.100805
 0,0.100822
 0,0.100842
 0,0.100866
 0,0.10099
 0,0.100997
 0,0.101022
 0,0.101054
 0,0.101063
 0,0.101067
 0,0.101127
 0,0.101135
 0,0.101149
 0,0.101158
 0,0.101195
 0,0.101228
 0,0.10127
 0,0.101328
 0,0.101458
 0,0.101467
 0,0.101497
 0,0.101499
 0,0.101512
 0,0.101567
 0,0.101643
 0,0.101668
 0,0.101671
 0,0.101674
 0,0.101731
 0,0.101813
 0,0.101845
 0,0.10185
 0,0.101964
 0,0.101979
 0,0.102051
 0,0.102057
 0,0.1021
 0,0.102154
 0,0.102165
 0,0.102203
 0,0.102254
 0,0.10227
 0,0.102288
 0,0.102337
 0,0.102339
 0,0.102364
 0,0.10239
 0,0.102418
 0,0.102444
 0,0.102464
 0,0.102519
 0,0.102544
 0,0.102586
 0,0.102641
 0,0.102644
 0,0.102655
 0,0.102696
 0,0.102778
 0,0.102792
 0,0.102815
 0,0.10284
 0,0.102847
 0,0.102909
 0,0.102911
 0,0.102965
 0,0.103031
 0,0.10308
 0,0.103083
 0,0.103102
 0,0.103115
 0,0.103147
 0,0.103162
 0,0.103165
 0,0.103209
 0,0.103222
 0,0.103247
 0,0.103275
 0,0.103292
 0,0.103306
 0,0.103329
 0,0.103347
 0,0.103348
 0,0.103432
 0,0.103484
 0,0.103495
 0,0.103514
 0,0.103538
 0,0.103585
 0,0.103587
 0,0.103624
 0,0.103633
 0,0.103665
 0,0.103675
 0,0.10368
 0,0.103728
 0,0.103796
 0,0.103857
 0,0.104046
 0,0.10405
 0,0.104058
 0,0.104103
 0,0.104219
 0,0.104231
 0,0.104284
 0,0.104381
 0,0.104382
 0,0.104395
 0,0.104404
 0,0.104449
 0,0.104484
 0,0.104499
 0,0.104531
 0,0.104574
 0,0.104575
 0,0.104599
 0,0.104608
 0,0.104616
 0,0.104651
 0,0.10466
 0,0.104662
 0,0.104663
 0,0.104778
 0,0.104819
 0,0.104821
 0,0.104833
 0,0.104872
 0,0.104911
 0,0.104937
 0,0.104991
 0,0.105012
 0,0.105033
 0,0.105055
 0,0.105165
 0,0.105192
 0,0.105208
 0,0.105222
 0,0.105235
 0,0.105306
 0,0.105387
 0,0.105401
 0,0.105429
 0,0.105447
 0,0.105462
 0,0.105464
 0,0.105467
 0,0.105472
 0,0.105475
 0,0.105485
 0,0.105519
 0,0.105584
 0,0.105589
 0,0.105604
 0,0.105637
 0,0.105679
 0,0.105686
 0,0.105777
 0,0.105792
 0,0.105845
 0,0.105868
 0,0.105882
 0,0.105886
 0,0.105891
 0,0.105899
 0,0.105901
 0,0.105943
 0,0.105945
 0,0.10595
 0,0.106007
 0,0.106042
 0,0.106118
 0,0.106126
 0,0.10613
 0,0.106163
 0,0.106173
 0,0.106207
 0,0.106215
 0,0.106255
 0,0.106273
 0,0.106302
 0,0.106314
 0,0.106314
 0,0.106315
 0,0.106319
 0,0.106337
 0,0.106343
 0,0.106363
 0,0.106424
 0,0.106439
 0,0.106497
 0,0.106534
 0,0.106679
 0,0.106745
 0,0.106756
 0,0.106775
 0,0.106836
 0,0.10689
 0,0.106914
 0,0.106959
 0,0.106985
 0,0.106986
 0,0.107028
 0,0.107038
 0,0.107065
 0,0.107123
 0,0.107126
 0,0.107151
 0,0.107253
 0,0.107256
 0,0.107296
 0,0.107303
 0,0.107339
 0,0.107358
 0,0.107411
 0,0.107459
 0,0.107467
 0,0.107509
 0,0.107564
 0,0.107587
 0,0.107619
 0,0.107623
 0,0.107741
 0,0.107769
 0,0.107815
 0,0.107823
 0,0.107836
 0,0.10784
 0,0.107968
 0,0.108035
 0,0.108048
 0,0.108058
 0,0.108144
 0,0.108162
 0,0.108166
 0,0.108184
 0,0.108301
 0,0.108321
 0,0.108323
 0,0.108363
 0,0.10846
 0,0.108461
 0,0.108488
 0,0.108512
 0,0.108539
 0,0.108571
 0,0.1086
 0,0.108613
 0,0.108629
 0,0.108638
 0,0.108641
 0,0.108677
 0,0.10869
 0,0.108742
 0,0.108774
 0,0.108835
 0,0.108838
 0,0.108853
 0,0.108887
 0,0.108963
 0,0.108998
 0,0.109011
 0,0.10902
 0,0.109033
 0,0.109036
 0,0.10915
 0,0.10916
 0,0.109223
 0,0.109273
 0,0.109343
 0,0.109379
 0,0.109396
 0,0.109435
 0,0.109513
 0,0.109535
 0,0.109542
 0,0.109576
 0,0.109638
 0,0.109645
 0,0.109662
 0,0.10968
 0,0.109737
 0,0.109816
 0,0.109839
 0,0.109906
 0,0.110007
 0,0.110023
 0,0.110062
 0,0.110102
 0,0.110208
 0,0.110378
 0,0.110393
 0,0.110633
 0,0.110643
 0,0.110654
 0,0.110654
 0,0.110663
 0,0.110666
 0,0.110694
 0,0.110734
 0,0.110773
 0,0.110797
 0,0.110803
 0,0.110844
 0,0.110898
 0,0.110973
 0,0.110994
 0,0.111005
 0,0.111058
 0,0.111124
 0,0.111144
 0,0.111167
 0,0.111225
 0,0.111246
 0,0.111255
 0,0.111333
 0,0.111463
 0,0.11148
 0,0.111493
 0,0.111563
 0,0.11157
 0,0.111591
 0,0.111596
 0,0.111633
 0,0.11165
 0,0.111709
 0,0.111719
 0,0.111721
 0,0.111741
 0,0.111849
 0,0.111974
 0,0.112045
 0,0.112118
 0,0.112129
 0,0.112137
 0,0.112168
 0,0.112174
 0,0.112217
 0,0.112292
 0,0.112339
 0,0.112374
 0,0.112509
 0,0.112567
 0,0.112634
 0,0.112649
 0,0.112708
 0,0.112718
 0,0.11272
 0,0.112739
 0,0.112822
 0,0.11299
 0,0.113
 0,0.113013
 0,0.113053
 0,0.113058
 0,0.113117
 0,0.113123
 0,0.113133
 0,0.11326
 0,0.113334
 0,0.11334
 0,0.113381
 0,0.11345
 0,0.113509
 0,0.113643
 0,0.113681
 0,0.113686
 0,0.113689
 0,0.113717
 0,0.113847
 0,0.113948
 0,0.11396
 0,0.114011
 0,0.114082
 0,0.114188
 0,0.114208
 0,0.114299
 0,0.11442
 0,0.114446
 0,0.114461
 0,0.114498
 0,0.114547
 0,0.114574
 0,0.1146
 0,0.114614
 0,0.11463
 0,0.114631
 0,0.11469
 0,0.114727
 0,0.114821
 0,0.1149
 0,0.114946
 0,0.115
 0,0.115068
 0,0.115092
 0,0.115128
 0,0.115134
 0,0.115208
 0,0.115212
 0,0.115269
 0,0.115359
 0,0.115399
 0,0.115478
 0,0.115529
 0,0.115572
 0,0.115592
 0,0.115809
 0,0.115816
 0,0.115849
 0,0.115903
 0,0.115934
 0,0.11601
 0,0.116066
 0,0.116081
 0,0.116125
 0,0.116127
 0,0.116264
 0,0.116484
 0,0.116518
 0,0.116547
 0,0.1166
 0,0.116771
 0,0.11678
 0,0.116826
 0,0.116869
 0,0.116876
 0,0.116952
 0,0.116965
 0,0.116976
 0,0.117055
 0,0.117093
 0,0.117197
 0,0.117232
 0,0.117269
 0,0.117316
 0,0.117317
 0,0.117449
 0,0.117518
 0,0.117762
 0,0.117839
 0,0.117958
 0,0.117984
 0,0.117986
 0,0.117993
 0,0.117996
 0,0.118029
 0,0.118054
 0,0.118113
 0,0.118196
 0,0.118197
 0,0.118211
 0,0.118243
 0,0.118257
 0,0.118406
 0,0.11842
 0,0.118426
 0,0.118466
 0,0.118575
 0,0.118591
 0,0.118628
 0,0.118717
 0,0.118789
 0,0.118804
 0,0.118986
 0,0.118998
 0,0.119171
 0,0.119215
 0,0.119294
 0,0.119318
 0,0.119411
 0,0.119662
 0,0.119683
 0,0.119736
 0,0.119761
 0,0.119871
 0,0.119895
 0,0.119926
 0,0.119927
 0,0.119993
 0,0.12013
 0,0.120163
 0,0.120164
 0,0.120471
 0,0.120723
 0,0.120751
 0,0.120761
 0,0.120763
 0,0.120783
 0,0.12082
 0,0.120973
 0,0.121088
 0,0.121155
 0,0.121243
 0,0.121445
 0,0.121826
 0,0.122019
 0,0.122085
 0,0.122105
 0,0.122112
 0,0.12212
 0,0.122125
 0,0.122226
 0,0.122267
 0,0.122309
 0,0.122321
 0,0.122553
 0,0.122619
 0,0.122626
 0,0.122656
 0,0.123011
 0,0.123031
 0,0.123128
 0,0.123309
 0,0.123516
 0,0.123559
 0,0.123697
 0,0.123772
 0,0.123998
 0,0.124101
 0,0.124225
 0,0.124225
 0,0.124325
 0,0.124404
 0,0.124632
 0,0.124667
 0,0.124891
 0,0.12511
 0,0.125236
 0,0.125476
 0,0.125505
 0,0.125598
 0,0.126102
 0,0.12624
 0,0.126374
 0,0.126459
 0,0.126584
 0,0.126653
 0,0.126821
 0,0.127
 0,0.127069
 0,0.127309
 0,0.127486
 0,0.127673
 0,0.12789
 0,0.127936
 0,0.128209
 0,0.128376
 0,0.128576
 0,0.128757
 0,0.128763
 0,0.128921
 0,0.128944
 0,0.129667
 0,0.129752
 0,0.129917
 0,0.129949
 0,0.130041
 0,0.130385
 0,0.130899
 0,0.130906
 0,0.130998
 0,0.131316
 0,0.131483
 0,0.131717
 0,0.131764
 0,0.131865
 0,0.131928
 0,0.131946
 0,0.13197
 0,0.13201
 0,0.132676
 0,0.132812
 0,0.132861
 0,0.132942
 0,0.133286
 0,0.133504
 0,0.133573
 0,0.133607
 0,0.133661
 0,0.133944
 0,0.13407
 0,0.134293
 0,0.134915
 0,0.135403
 0,0.135648
 0,0.135718
 0,0.13637
 0,0.137207
 0,0.137331
 0,0.137758
 0,0.137894
 0,0.137949
 0,0.138829
 0,0.139067
 0,0.14022
 0,0.14049
 0,0.141248
 0,0.141423
 0,0.142626
 0,0.142893
 0,0.143234
 0,0.148721
 0,inf
