point cloud with 2735 points in dimension 3
distance matrix with 2735 points
value range: [0.0308742,4.19501]
persistence intervals in dim 0:
 [0,0.0308742)
 [0,0.0346509)
 [0,0.0348812)
 [0,0.0355218)
 [0,0.0355772)
 [0,0.0356564)
 [0,0.0361399)
 [0,0.03706)
 [0,0.0375849)
 [0,0.0376453)
 [0,0.0377097)
 [0,0.0378935)
 [0,0.0386582)
 [0,0.0387343)
 [0,0.0388827)
 [0,0.0391298)
 [0,0.0391879)
 [0,0.0395026)
 [0,0.039556)
 [0,0.0398772)
 [0,0.0400867)
 [0,0.0404303)
 [0,0.0404635)
 [0,0.0405495)
 [0,0.0407788)
 [0,0.0416068)
 [0,0.0417505)
 [0,0.0417993)
 [0,0.0419817)
 [0,0.0421325)
 [0,0.0422112)
 [0,0.0422831)
 [0,0.0423538)
 [0,0.0423931)
 [0,0.0425499)
 [0,0.0425827)
 [0,0.0427358)
 [0,0.0427479)
 [0,0.0428428)
 [0,0.0429602)
 [0,0.0429934)
 [0,0.0430761)
 [0,0.0432287)
 [0,0.0432512)
 [0,0.0433366)
 [0,0.0434032)
 [0,0.0434979)
 [0,0.0434996)
 [0,0.0435183)
 [0,0.0435405)
 [0,0.0436591)
 [0,0.0436725)
 [0,0.0439306)
 [0,0.0441196)
 [0,0.0441443)
 [0,0.0441683)
 [0,0.0441761)
 [0,0.0441948)
 [0,0.0442266)
 [0,0.0442593)
 [0,0.0442821)
 [0,0.0443047)
 [0,0.0443123)
 [0,0.0443405)
 [0,0.0444311)
 [0,0.0444351)
 [0,0.0444819)
 [0,0.0445031)
 [0,0.0445487)
 [0,0.0445596)
 [0,0.0446109)
 [0,0.0446904)
 [0,0.0448176)
 [0,0.044874)
 [0,0.044905)
 [0,0.0449955)
 [0,0.04501)
 [0,0.0450605)
 [0,0.0450739)
 [0,0.0451351)
 [0,0.0452025)
 [0,0.0452525)
 [0,0.0453865)
 [0,0.0453963)
 [0,0.0454034)
 [0,0.045424)
 [0,0.0454795)
 [0,0.0455131)
 [0,0.0455405)
 [0,0.0455835)
 [0,0.0456001)
 [0,0.0456705)
 [0,0.0456929)
 [0,0.0457352)
 [0,0.0458073)
 [0,0.0458267)
 [0,0.0458432)
 [0,0.0458944)
 [0,0.0459395)
 [0,0.0459473)
 [0,0.0459959)
 [0,0.0461273)
 [0,0.0461309)
 [0,0.0462384)
 [0,0.0462503)
 [0,0.0462668)
 [0,0.0462985)
 [0,0.0463193)
 [0,0.0463495)
 [0,0.0465478)
 [0,0.0466757)
 [0,0.0466796)
 [0,0.0466836)
 [0,0.0466958)
 [0,0.0467644)
 [0,0.0468282)
 [0,0.0468557)
 [0,0.0468662)
 [0,0.0468688)
 [0,0.0470097)
 [0,0.0470375)
 [0,0.0470621)
 [0,0.0470848)
 [0,0.0471929)
 [0,0.0472482)
 [0,0.047302)
 [0,0.047459)
 [0,0.047572)
 [0,0.0475995)
 [0,0.0476243)
 [0,0.0476856)
 [0,0.0477379)
 [0,0.0477564)
 [0,0.0478306)
 [0,0.0478861)
 [0,0.0479202)
 [0,0.0480559)
 [0,0.0481102)
 [0,0.04812)
 [0,0.0481824)
 [0,0.0484146)
 [0,0.0484444)
 [0,0.0485644)
 [0,0.048575)
 [0,0.0486566)
 [0,0.0486968)
 [0,0.048731)
 [0,0.0487413)
 [0,0.048769)
 [0,0.0487791)
 [0,0.0487796)
 [0,0.0487825)
 [0,0.0488101)
 [0,0.0488398)
 [0,0.0488664)
 [0,0.0489273)
 [0,0.0489528)
 [0,0.0490403)
 [0,0.0490678)
 [0,0.0490813)
 [0,0.0491689)
 [0,0.0491932)
 [0,0.0492515)
 [0,0.0493805)
 [0,0.0494488)
 [0,0.0494581)
 [0,0.0495103)
 [0,0.049551)
 [0,0.0495747)
 [0,0.0495756)
 [0,0.0496108)
 [0,0.0496865)
 [0,0.0497937)
 [0,0.0498108)
 [0,0.049831)
 [0,0.0498442)
 [0,0.0500966)
 [0,0.0501427)
 [0,0.0501728)
 [0,0.0502188)
 [0,0.0502513)
 [0,0.0502973)
 [0,0.0503577)
 [0,0.0503804)
 [0,0.0503853)
 [0,0.0505669)
 [0,0.0506505)
 [0,0.0506672)
 [0,0.0507343)
 [0,0.0507447)
 [0,0.0507642)
 [0,0.0507733)
 [0,0.0508059)
 [0,0.0509845)
 [0,0.0511248)
 [0,0.0511403)
 [0,0.0511486)
 [0,0.0511696)
 [0,0.0511978)
 [0,0.0512822)
 [0,0.0512922)
 [0,0.0513264)
 [0,0.0513292)
 [0,0.0513425)
 [0,0.0513598)
 [0,0.0513788)
 [0,0.0514227)
 [0,0.0514539)
 [0,0.0514808)
 [0,0.0515287)
 [0,0.0515578)
 [0,0.0515643)
 [0,0.0515706)
 [0,0.0515839)
 [0,0.0516139)
 [0,0.0516449)
 [0,0.0516871)
 [0,0.0518537)
 [0,0.0518634)
 [0,0.0518664)
 [0,0.0518741)
 [0,0.0519653)
 [0,0.0519759)
 [0,0.052048)
 [0,0.0521045)
 [0,0.0521393)
 [0,0.0522209)
 [0,0.0522934)
 [0,0.0523178)
 [0,0.0523318)
 [0,0.0523886)
 [0,0.052395)
 [0,0.0525092)
 [0,0.0525493)
 [0,0.0525657)
 [0,0.0526092)
 [0,0.0526837)
 [0,0.0526997)
 [0,0.0527164)
 [0,0.0527963)
 [0,0.0527973)
 [0,0.0528138)
 [0,0.0528164)
 [0,0.0528252)
 [0,0.0528629)
 [0,0.0528812)
 [0,0.0529254)
 [0,0.0529573)
 [0,0.0530413)
 [0,0.0530603)
 [0,0.0530784)
 [0,0.0531934)
 [0,0.0532417)
 [0,0.0533129)
 [0,0.0533266)
 [0,0.0534014)
 [0,0.0534269)
 [0,0.0534773)
 [0,0.0535467)
 [0,0.0535468)
 [0,0.0535517)
 [0,0.053562)
 [0,0.0536569)
 [0,0.0536976)
 [0,0.0538211)
 [0,0.053894)
 [0,0.0539192)
 [0,0.0539469)
 [0,0.0539714)
 [0,0.0540123)
 [0,0.0541417)
 [0,0.0541601)
 [0,0.0541664)
 [0,0.0541812)
 [0,0.0541859)
 [0,0.0542015)
 [0,0.0542219)
 [0,0.0543597)
 [0,0.0543691)
 [0,0.0544029)
 [0,0.0545039)
 [0,0.054555)
 [0,0.0545757)
 [0,0.054583)
 [0,0.0546266)
 [0,0.0546341)
 [0,0.0546359)
 [0,0.054672)
 [0,0.0547086)
 [0,0.0547224)
 [0,0.0547329)
 [0,0.0547456)
 [0,0.054799)
 [0,0.0548236)
 [0,0.0548653)
 [0,0.0549086)
 [0,0.0549371)
 [0,0.0549469)
 [0,0.0550333)
 [0,0.0551062)
 [0,0.0551063)
 [0,0.0551187)
 [0,0.0551501)
 [0,0.0552758)
 [0,0.0552953)
 [0,0.0553009)
 [0,0.0553208)
 [0,0.0553314)
 [0,0.0553474)
 [0,0.0553588)
 [0,0.0553628)
 [0,0.0553811)
 [0,0.0554861)
 [0,0.0554875)
 [0,0.0555037)
 [0,0.0555484)
 [0,0.0555627)
 [0,0.0555919)
 [0,0.055637)
 [0,0.0556806)
 [0,0.0556857)
 [0,0.0556934)
 [0,0.0557234)
 [0,0.0557669)
 [0,0.0558096)
 [0,0.0558802)
 [0,0.0559097)
 [0,0.0559548)
 [0,0.0559971)
 [0,0.0560071)
 [0,0.0560327)
 [0,0.0561858)
 [0,0.0562407)
 [0,0.0562806)
 [0,0.0563055)
 [0,0.0563256)
 [0,0.0564026)
 [0,0.0564375)
 [0,0.056438)
 [0,0.0564393)
 [0,0.0564434)
 [0,0.0564662)
 [0,0.0564996)
 [0,0.0565043)
 [0,0.0565152)
 [0,0.0565366)
 [0,0.0565372)
 [0,0.056579)
 [0,0.0566568)
 [0,0.0566673)
 [0,0.0566807)
 [0,0.0566845)
 [0,0.0567313)
 [0,0.0568337)
 [0,0.0568554)
 [0,0.0568626)
 [0,0.0569071)
 [0,0.0569523)
 [0,0.0569745)
 [0,0.0570065)
 [0,0.0570239)
 [0,0.0570912)
 [0,0.057165)
 [0,0.057207)
 [0,0.0572231)
 [0,0.0572379)
 [0,0.0572535)
 [0,0.057415)
 [0,0.057426)
 [0,0.0574843)
 [0,0.0574994)
 [0,0.0575005)
 [0,0.0575655)
 [0,0.0576479)
 [0,0.0576501)
 [0,0.0576577)
 [0,0.057663)
 [0,0.0577278)
 [0,0.0577684)
 [0,0.0577881)
 [0,0.0578068)
 [0,0.0578158)
 [0,0.0578504)
 [0,0.0578939)
 [0,0.0579708)
 [0,0.0579768)
 [0,0.0579889)
 [0,0.057993)
 [0,0.0580075)
 [0,0.0580115)
 [0,0.0580791)
 [0,0.058089)
 [0,0.0581151)
 [0,0.0581174)
 [0,0.0581338)
 [0,0.058143)
 [0,0.0581567)
 [0,0.0581574)
 [0,0.0582944)
 [0,0.0583596)
 [0,0.0583861)
 [0,0.0584912)
 [0,0.0586491)
 [0,0.0586615)
 [0,0.0586787)
 [0,0.0587062)
 [0,0.0587208)
 [0,0.058794)
 [0,0.0588836)
 [0,0.0589043)
 [0,0.0590237)
 [0,0.0590255)
 [0,0.0590388)
 [0,0.0590393)
 [0,0.0590571)
 [0,0.0590841)
 [0,0.0590886)
 [0,0.0591224)
 [0,0.0591413)
 [0,0.0591526)
 [0,0.059164)
 [0,0.0591689)
 [0,0.0592124)
 [0,0.0592326)
 [0,0.0592456)
 [0,0.0592761)
 [0,0.0592836)
 [0,0.0593122)
 [0,0.0593478)
 [0,0.0594366)
 [0,0.0594853)
 [0,0.0595367)
 [0,0.059598)
 [0,0.0596105)
 [0,0.0596348)
 [0,0.0596359)
 [0,0.0596628)
 [0,0.0596893)
 [0,0.0597295)
 [0,0.0597759)
 [0,0.0598099)
 [0,0.0598626)
 [0,0.0598785)
 [0,0.059919)
 [0,0.060029)
 [0,0.0600773)
 [0,0.0600889)
 [0,0.0601017)
 [0,0.0601019)
 [0,0.0601244)
 [0,0.0601272)
 [0,0.0601887)
 [0,0.0601991)
 [0,0.0602586)
 [0,0.0603104)
 [0,0.06033)
 [0,0.060387)
 [0,0.0603948)
 [0,0.0604301)
 [0,0.0604653)
 [0,0.0605065)
 [0,0.0605526)
 [0,0.0605648)
 [0,0.0605843)
 [0,0.0605866)
 [0,0.0606025)
 [0,0.0606258)
 [0,0.0606306)
 [0,0.0606381)
 [0,0.0606546)
 [0,0.0606772)
 [0,0.0606917)
 [0,0.0607052)
 [0,0.0607217)
 [0,0.0607818)
 [0,0.0608183)
 [0,0.0608444)
 [0,0.0608993)
 [0,0.0609037)
 [0,0.0609273)
 [0,0.060928)
 [0,0.0609454)
 [0,0.061014)
 [0,0.0610184)
 [0,0.0610639)
 [0,0.061107)
 [0,0.0611245)
 [0,0.061155)
 [0,0.0611596)
 [0,0.0611597)
 [0,0.0612044)
 [0,0.0612561)
 [0,0.0612886)
 [0,0.0613297)
 [0,0.0613598)
 [0,0.0614265)
 [0,0.0614491)
 [0,0.0614511)
 [0,0.0614774)
 [0,0.0614985)
 [0,0.0615249)
 [0,0.0615406)
 [0,0.0615444)
 [0,0.0615608)
 [0,0.0615789)
 [0,0.0616164)
 [0,0.0616489)
 [0,0.0616675)
 [0,0.0616896)
 [0,0.0617451)
 [0,0.061753)
 [0,0.0618194)
 [0,0.0618622)
 [0,0.061872)
 [0,0.0619328)
 [0,0.0619406)
 [0,0.0619772)
 [0,0.0619992)
 [0,0.0620499)
 [0,0.0620511)
 [0,0.0620787)
 [0,0.0620815)
 [0,0.0620966)
 [0,0.0621044)
 [0,0.0621281)
 [0,0.0621313)
 [0,0.0621474)
 [0,0.0621849)
 [0,0.0622032)
 [0,0.0622164)
 [0,0.0622254)
 [0,0.0622308)
 [0,0.0622487)
 [0,0.0622493)
 [0,0.0622643)
 [0,0.0622778)
 [0,0.0622918)
 [0,0.062319)
 [0,0.0623497)
 [0,0.0623498)
 [0,0.0623547)
 [0,0.0624372)
 [0,0.0624505)
 [0,0.0624722)
 [0,0.0624833)
 [0,0.062492)
 [0,0.0626383)
 [0,0.0626516)
 [0,0.0626785)
 [0,0.0627288)
 [0,0.0627311)
 [0,0.0627573)
 [0,0.0628156)
 [0,0.0628293)
 [0,0.0628622)
 [0,0.0628633)
 [0,0.0628705)
 [0,0.0629896)
 [0,0.0629923)
 [0,0.0629986)
 [0,0.0630107)
 [0,0.0630321)
 [0,0.0630871)
 [0,0.0630953)
 [0,0.063107)
 [0,0.0631379)
 [0,0.063185)
 [0,0.0632257)
 [0,0.0632275)
 [0,0.0632547)
 [0,0.0632806)
 [0,0.063294)
 [0,0.0633331)
 [0,0.0633703)
 [0,0.0633772)
 [0,0.0633863)
 [0,0.0633873)
 [0,0.0634542)
 [0,0.0634929)
 [0,0.0634969)
 [0,0.0635251)
 [0,0.0635308)
 [0,0.0635586)
 [0,0.0636657)
 [0,0.0637051)
 [0,0.0637376)
 [0,0.0637497)
 [0,0.0637544)
 [0,0.0637621)
 [0,0.0637849)
 [0,0.0638391)
 [0,0.0638424)
 [0,0.0639716)
 [0,0.0639838)
 [0,0.064054)
 [0,0.0641263)
 [0,0.064144)
 [0,0.0641509)
 [0,0.0641623)
 [0,0.064204)
 [0,0.0642172)
 [0,0.0642323)
 [0,0.0642616)
 [0,0.0643133)
 [0,0.0643238)
 [0,0.064362)
 [0,0.0643795)
 [0,0.0643969)
 [0,0.0644376)
 [0,0.0644462)
 [0,0.0644607)
 [0,0.0644726)
 [0,0.0644849)
 [0,0.0644908)
 [0,0.0645186)
 [0,0.0645913)
 [0,0.0646332)
 [0,0.0646619)
 [0,0.0646626)
 [0,0.0646764)
 [0,0.0647012)
 [0,0.0647353)
 [0,0.064778)
 [0,0.0647929)
 [0,0.0647972)
 [0,0.0648128)
 [0,0.064844)
 [0,0.0648658)
 [0,0.0649184)
 [0,0.0649204)
 [0,0.0649915)
 [0,0.0650363)
 [0,0.0650394)
 [0,0.0650647)
 [0,0.0650879)
 [0,0.0650905)
 [0,0.065145)
 [0,0.0651452)
 [0,0.065153)
 [0,0.0651731)
 [0,0.0651734)
 [0,0.0651981)
 [0,0.0652406)
 [0,0.0652693)
 [0,0.06529)
 [0,0.065293)
 [0,0.0653255)
 [0,0.0653673)
 [0,0.0653722)
 [0,0.0653725)
 [0,0.0654423)
 [0,0.065453)
 [0,0.0654564)
 [0,0.0654618)
 [0,0.0654949)
 [0,0.065515)
 [0,0.0655195)
 [0,0.0655216)
 [0,0.0655238)
 [0,0.065531)
 [0,0.0655374)
 [0,0.0656284)
 [0,0.0656592)
 [0,0.0656649)
 [0,0.0656733)
 [0,0.0657375)
 [0,0.0658201)
 [0,0.0658401)
 [0,0.0658402)
 [0,0.0659014)
 [0,0.0659308)
 [0,0.0659537)
 [0,0.0659543)
 [0,0.0659566)
 [0,0.0660643)
 [0,0.0660802)
 [0,0.0660924)
 [0,0.0661024)
 [0,0.0661108)
 [0,0.066149)
 [0,0.0661502)
 [0,0.0661725)
 [0,0.0661735)
 [0,0.0662097)
 [0,0.0662802)
 [0,0.0662914)
 [0,0.0663356)
 [0,0.066393)
 [0,0.0663934)
 [0,0.066443)
 [0,0.0664503)
 [0,0.0665203)
 [0,0.066532)
 [0,0.0665492)
 [0,0.0665693)
 [0,0.0665712)
 [0,0.066574)
 [0,0.0665894)
 [0,0.0666155)
 [0,0.0666169)
 [0,0.0666223)
 [0,0.0666334)
 [0,0.0666515)
 [0,0.0666526)
 [0,0.0666862)
 [0,0.0667406)
 [0,0.06676)
 [0,0.066777)
 [0,0.066804)
 [0,0.0668166)
 [0,0.0668215)
 [0,0.0668232)
 [0,0.0668392)
 [0,0.066881)
 [0,0.0668891)
 [0,0.0669126)
 [0,0.0669218)
 [0,0.0669458)
 [0,0.0669499)
 [0,0.0669724)
 [0,0.0669783)
 [0,0.0670134)
 [0,0.0670406)
 [0,0.0670673)
 [0,0.0670851)
 [0,0.0671082)
 [0,0.0671371)
 [0,0.067167)
 [0,0.0671835)
 [0,0.0671907)
 [0,0.0671913)
 [0,0.0671925)
 [0,0.067223)
 [0,0.0672461)
 [0,0.0673077)
 [0,0.0673208)
 [0,0.0673341)
 [0,0.067394)
 [0,0.0674457)
 [0,0.0674546)
 [0,0.0674568)
 [0,0.0674732)
 [0,0.0675089)
 [0,0.067528)
 [0,0.0675343)
 [0,0.0675412)
 [0,0.0675806)
 [0,0.0675908)
 [0,0.0675969)
 [0,0.0676175)
 [0,0.0676216)
 [0,0.0676233)
 [0,0.0676344)
 [0,0.0676371)
 [0,0.0676376)
 [0,0.0676456)
 [0,0.0676755)
 [0,0.0676806)
 [0,0.0676951)
 [0,0.0677228)
 [0,0.0677688)
 [0,0.0677955)
 [0,0.0678187)
 [0,0.0678214)
 [0,0.0678332)
 [0,0.0678899)
 [0,0.0679629)
 [0,0.0679639)
 [0,0.0679691)
 [0,0.0680021)
 [0,0.0680345)
 [0,0.0680362)
 [0,0.0680649)
 [0,0.0681392)
 [0,0.0681703)
 [0,0.0681863)
 [0,0.0682044)
 [0,0.0682048)
 [0,0.0682267)
 [0,0.0682491)
 [0,0.0683003)
 [0,0.0683191)
 [0,0.0683243)
 [0,0.06835)
 [0,0.0683916)
 [0,0.0683938)
 [0,0.0684473)
 [0,0.0685031)
 [0,0.0685178)
 [0,0.0685326)
 [0,0.0685605)
 [0,0.0685637)
 [0,0.0685703)
 [0,0.0685956)
 [0,0.0686124)
 [0,0.0686146)
 [0,0.0686237)
 [0,0.0686676)
 [0,0.0686747)
 [0,0.0686849)
 [0,0.0686948)
 [0,0.0687036)
 [0,0.0687041)
 [0,0.0687168)
 [0,0.068717)
 [0,0.0687309)
 [0,0.0687338)
 [0,0.0687593)
 [0,0.0687868)
 [0,0.0688003)
 [0,0.0688076)
 [0,0.068819)
 [0,0.068835)
 [0,0.0688352)
 [0,0.0688381)
 [0,0.0688654)
 [0,0.0688974)
 [0,0.0689212)
 [0,0.068967)
 [0,0.0689724)
 [0,0.0690142)
 [0,0.0691254)
 [0,0.069171)
 [0,0.0691816)
 [0,0.0691992)
 [0,0.0692054)
 [0,0.0692422)
 [0,0.0692697)
 [0,0.0692843)
 [0,0.0692963)
 [0,0.0693327)
 [0,0.0694671)
 [0,0.0694868)
 [0,0.0695002)
 [0,0.0695085)
 [0,0.06957)
 [0,0.0696405)
 [0,0.0696507)
 [0,0.0696541)
 [0,0.0696873)
 [0,0.0697078)
 [0,0.0697267)
 [0,0.0697388)
 [0,0.0697959)
 [0,0.0698165)
 [0,0.0698186)
 [0,0.0698356)
 [0,0.0698806)
 [0,0.0698826)
 [0,0.0698827)
 [0,0.0699182)
 [0,0.0699474)
 [0,0.0699489)
 [0,0.0701022)
 [0,0.0701037)
 [0,0.0701255)
 [0,0.0701462)
 [0,0.0701484)
 [0,0.0701487)
 [0,0.0701571)
 [0,0.0701635)
 [0,0.0701636)
 [0,0.0702266)
 [0,0.070253)
 [0,0.0702641)
 [0,0.0703259)
 [0,0.0703388)
 [0,0.0703514)
 [0,0.0703755)
 [0,0.0703775)
 [0,0.0703819)
 [0,0.070397)
 [0,0.0704177)
 [0,0.0704338)
 [0,0.0704919)
 [0,0.070516)
 [0,0.0705362)
 [0,0.0705447)
 [0,0.0706223)
 [0,0.0707151)
 [0,0.0707197)
 [0,0.0707349)
 [0,0.0707613)
 [0,0.0707643)
 [0,0.0707676)
 [0,0.0707884)
 [0,0.0707969)
 [0,0.0708049)
 [0,0.0708313)
 [0,0.0708337)
 [0,0.0708578)
 [0,0.0708784)
 [0,0.0708804)
 [0,0.0709211)
 [0,0.0710058)
 [0,0.0710304)
 [0,0.0710313)
 [0,0.0710519)
 [0,0.0710879)
 [0,0.0711496)
 [0,0.0711736)
 [0,0.0711822)
 [0,0.0712145)
 [0,0.0712897)
 [0,0.0712913)
 [0,0.0713232)
 [0,0.0713237)
 [0,0.0713439)
 [0,0.0713706)
 [0,0.0713819)
 [0,0.0714233)
 [0,0.0714633)
 [0,0.0714693)
 [0,0.0714755)
 [0,0.0715023)
 [0,0.0715453)
 [0,0.0715644)
 [0,0.0715702)
 [0,0.0715832)
 [0,0.0716077)
 [0,0.0716435)
 [0,0.0716488)
 [0,0.0717651)
 [0,0.0717789)
 [0,0.0717841)
 [0,0.0717983)
 [0,0.0718121)
 [0,0.0718705)
 [0,0.0718743)
 [0,0.0718884)
 [0,0.0718945)
 [0,0.0719979)
 [0,0.0720113)
 [0,0.0720403)
 [0,0.0721064)
 [0,0.0721473)
 [0,0.0721728)
 [0,0.0721903)
 [0,0.0721925)
 [0,0.0722077)
 [0,0.0722148)
 [0,0.0722316)
 [0,0.0722502)
 [0,0.0722536)
 [0,0.0723053)
 [0,0.072322)
 [0,0.0723277)
 [0,0.0723359)
 [0,0.0723404)
 [0,0.0723619)
 [0,0.0724003)
 [0,0.0724168)
 [0,0.0724184)
 [0,0.0724237)
 [0,0.0724398)
 [0,0.0724553)
 [0,0.0724794)
 [0,0.0726228)
 [0,0.0726343)
 [0,0.0726568)
 [0,0.0727061)
 [0,0.0727412)
 [0,0.0727464)
 [0,0.0727673)
 [0,0.0727773)
 [0,0.072779)
 [0,0.0727887)
 [0,0.0727974)
 [0,0.0728168)
 [0,0.0728374)
 [0,0.0728536)
 [0,0.0728544)
 [0,0.072889)
 [0,0.0729235)
 [0,0.0729436)
 [0,0.0729497)
 [0,0.0729666)
 [0,0.0729758)
 [0,0.0729891)
 [0,0.0729919)
 [0,0.0730192)
 [0,0.0730755)
 [0,0.0730937)
 [0,0.0731453)
 [0,0.0731608)
 [0,0.073163)
 [0,0.0731757)
 [0,0.0731839)
 [0,0.0732007)
 [0,0.073212)
 [0,0.0732239)
 [0,0.0732405)
 [0,0.0732755)
 [0,0.0732827)
 [0,0.0733162)
 [0,0.0733226)
 [0,0.073334)
 [0,0.0733553)
 [0,0.0733609)
 [0,0.0733804)
 [0,0.0734201)
 [0,0.0734446)
 [0,0.0734541)
 [0,0.0734585)
 [0,0.0735019)
 [0,0.0735087)
 [0,0.0735147)
 [0,0.0735332)
 [0,0.0735431)
 [0,0.073547)
 [0,0.0735516)
 [0,0.0735551)
 [0,0.0735706)
 [0,0.0735837)
 [0,0.0735954)
 [0,0.0736171)
 [0,0.0736777)
 [0,0.0736939)
 [0,0.0737209)
 [0,0.0737583)
 [0,0.0737593)
 [0,0.0737954)
 [0,0.0738844)
 [0,0.0738852)
 [0,0.0739343)
 [0,0.0739714)
 [0,0.073993)
 [0,0.073997)
 [0,0.0740212)
 [0,0.0740418)
 [0,0.0740748)
 [0,0.0740901)
 [0,0.0741096)
 [0,0.0741184)
 [0,0.0741478)
 [0,0.0741754)
 [0,0.0741862)
 [0,0.0742346)
 [0,0.0742474)
 [0,0.0742531)
 [0,0.0742559)
 [0,0.0742569)
 [0,0.0742776)
 [0,0.0742964)
 [0,0.0743008)
 [0,0.0743251)
 [0,0.0743712)
 [0,0.0743973)
 [0,0.0744384)
 [0,0.0744543)
 [0,0.074474)
 [0,0.074494)
 [0,0.0745054)
 [0,0.0745086)
 [0,0.0745194)
 [0,0.0745403)
 [0,0.0745834)
 [0,0.074592)
 [0,0.0746263)
 [0,0.0746382)
 [0,0.0746386)
 [0,0.0746633)
 [0,0.074707)
 [0,0.0747141)
 [0,0.0747282)
 [0,0.0747387)
 [0,0.0747525)
 [0,0.0747593)
 [0,0.0747907)
 [0,0.0747992)
 [0,0.0748043)
 [0,0.0748192)
 [0,0.0748247)
 [0,0.0748318)
 [0,0.0748556)
 [0,0.0748619)
 [0,0.0749058)
 [0,0.074969)
 [0,0.0749791)
 [0,0.07499)
 [0,0.0750013)
 [0,0.0750029)
 [0,0.0750266)
 [0,0.0750727)
 [0,0.075077)
 [0,0.075127)
 [0,0.0751335)
 [0,0.0751439)
 [0,0.0751579)
 [0,0.0751588)
 [0,0.0751658)
 [0,0.0752152)
 [0,0.0752364)
 [0,0.0752446)
 [0,0.075254)
 [0,0.0752653)
 [0,0.0752663)
 [0,0.0752819)
 [0,0.0752958)
 [0,0.0753198)
 [0,0.0753406)
 [0,0.0753424)
 [0,0.0753696)
 [0,0.0754178)
 [0,0.0754306)
 [0,0.0754522)
 [0,0.075455)
 [0,0.0754704)
 [0,0.0754756)
 [0,0.0754966)
 [0,0.0755004)
 [0,0.0755246)
 [0,0.0755391)
 [0,0.0755417)
 [0,0.0755933)
 [0,0.0756294)
 [0,0.0756352)
 [0,0.0756369)
 [0,0.0756946)
 [0,0.075773)
 [0,0.0757839)
 [0,0.0758153)
 [0,0.0758251)
 [0,0.0758412)
 [0,0.0758528)
 [0,0.0758595)
 [0,0.0758865)
 [0,0.0759142)
 [0,0.0759305)
 [0,0.0759392)
 [0,0.075964)
 [0,0.0759673)
 [0,0.0759758)
 [0,0.0759853)
 [0,0.0761022)
 [0,0.0761336)
 [0,0.0761362)
 [0,0.0761485)
 [0,0.076167)
 [0,0.0761695)
 [0,0.0761701)
 [0,0.0761782)
 [0,0.0762054)
 [0,0.0762072)
 [0,0.0762141)
 [0,0.0762208)
 [0,0.0762989)
 [0,0.0763011)
 [0,0.0763418)
 [0,0.0763525)
 [0,0.0763753)
 [0,0.0764126)
 [0,0.0764361)
 [0,0.0764377)
 [0,0.0764551)
 [0,0.0764629)
 [0,0.0765455)
 [0,0.0765593)
 [0,0.076575)
 [0,0.0765832)
 [0,0.0765897)
 [0,0.0765963)
 [0,0.0766021)
 [0,0.0766108)
 [0,0.0766476)
 [0,0.0766647)
 [0,0.0767033)
 [0,0.0767079)
 [0,0.0767124)
 [0,0.0767228)
 [0,0.0767228)
 [0,0.0767353)
 [0,0.0767678)
 [0,0.0767682)
 [0,0.0767734)
 [0,0.0767814)
 [0,0.0767996)
 [0,0.0768501)
 [0,0.076859)
 [0,0.0768745)
 [0,0.0768756)
 [0,0.0768812)
 [0,0.0769505)
 [0,0.0769969)
 [0,0.0770369)
 [0,0.0770622)
 [0,0.0770703)
 [0,0.0770807)
 [0,0.0770874)
 [0,0.0771127)
 [0,0.0771184)
 [0,0.0771393)
 [0,0.077168)
 [0,0.0771737)
 [0,0.0772082)
 [0,0.0772149)
 [0,0.0772507)
 [0,0.0772628)
 [0,0.0772759)
 [0,0.0772834)
 [0,0.0773941)
 [0,0.0773942)
 [0,0.0774333)
 [0,0.0774983)
 [0,0.0775004)
 [0,0.0775986)
 [0,0.0776156)
 [0,0.0776784)
 [0,0.0776894)
 [0,0.0776927)
 [0,0.0777099)
 [0,0.0777392)
 [0,0.0777437)
 [0,0.0777488)
 [0,0.0778082)
 [0,0.0778664)
 [0,0.0778739)
 [0,0.0778977)
 [0,0.0779129)
 [0,0.0779157)
 [0,0.0779196)
 [0,0.0779477)
 [0,0.0779915)
 [0,0.0780245)
 [0,0.0780468)
 [0,0.0780689)
 [0,0.0780853)
 [0,0.0781082)
 [0,0.0781239)
 [0,0.0781914)
 [0,0.0781946)
 [0,0.0782074)
 [0,0.0782243)
 [0,0.078227)
 [0,0.0782453)
 [0,0.0782908)
 [0,0.0783132)
 [0,0.0783159)
 [0,0.0783376)
 [0,0.0783631)
 [0,0.0783774)
 [0,0.0784129)
 [0,0.0784409)
 [0,0.0785058)
 [0,0.0785137)
 [0,0.0785623)
 [0,0.0785975)
 [0,0.0786043)
 [0,0.078614)
 [0,0.0786163)
 [0,0.0786421)
 [0,0.0786436)
 [0,0.078668)
 [0,0.0786717)
 [0,0.0786889)
 [0,0.0786893)
 [0,0.0787046)
 [0,0.0788395)
 [0,0.0788533)
 [0,0.0788889)
 [0,0.0788935)
 [0,0.0789973)
 [0,0.0790223)
 [0,0.0790949)
 [0,0.0791121)
 [0,0.0791222)
 [0,0.0791555)
 [0,0.0792402)
 [0,0.0792453)
 [0,0.0792897)
 [0,0.0792943)
 [0,0.0792947)
 [0,0.0792967)
 [0,0.079299)
 [0,0.0793214)
 [0,0.0793438)
 [0,0.0793947)
 [0,0.0794087)
 [0,0.0794153)
 [0,0.0794852)
 [0,0.0795034)
 [0,0.0795941)
 [0,0.0795992)
 [0,0.0796233)
 [0,0.0796585)
 [0,0.0796617)
 [0,0.0796878)
 [0,0.0797046)
 [0,0.0797421)
 [0,0.0797654)
 [0,0.0797737)
 [0,0.0798105)
 [0,0.0798532)
 [0,0.0798708)
 [0,0.0798724)
 [0,0.0798817)
 [0,0.0799238)
 [0,0.0799411)
 [0,0.079972)
 [0,0.0799903)
 [0,0.0800044)
 [0,0.0800064)
 [0,0.0800705)
 [0,0.0800708)
 [0,0.0800725)
 [0,0.0800936)
 [0,0.0800987)
 [0,0.0801117)
 [0,0.0801367)
 [0,0.0801374)
 [0,0.0801644)
 [0,0.0801815)
 [0,0.0801829)
 [0,0.0801925)
 [0,0.0802131)
 [0,0.0802234)
 [0,0.0802299)
 [0,0.0802357)
 [0,0.0802512)
 [0,0.0803507)
 [0,0.0803599)
 [0,0.0803659)
 [0,0.0803695)
 [0,0.0804009)
 [0,0.0804011)
 [0,0.0804365)
 [0,0.0804456)
 [0,0.080467)
 [0,0.0804701)
 [0,0.0804966)
 [0,0.0805493)
 [0,0.0805767)
 [0,0.0805965)
 [0,0.0806124)
 [0,0.0806164)
 [0,0.0806216)
 [0,0.080646)
 [0,0.0806606)
 [0,0.0806684)
 [0,0.0807012)
 [0,0.0807078)
 [0,0.0807165)
 [0,0.080732)
 [0,0.0807745)
 [0,0.0807834)
 [0,0.0808019)
 [0,0.0808146)
 [0,0.0808506)
 [0,0.0808529)
 [0,0.0808664)
 [0,0.0808824)
 [0,0.0808902)
 [0,0.0809216)
 [0,0.0809728)
 [0,0.0809826)
 [0,0.0809951)
 [0,0.0810157)
 [0,0.0810561)
 [0,0.0810693)
 [0,0.0810795)
 [0,0.0811072)
 [0,0.0811177)
 [0,0.0811231)
 [0,0.0811302)
 [0,0.0811641)
 [0,0.0811717)
 [0,0.0811765)
 [0,0.0811937)
 [0,0.0811947)
 [0,0.0812105)
 [0,0.0812214)
 [0,0.0812284)
 [0,0.0812414)
 [0,0.0813208)
 [0,0.0813309)
 [0,0.0813425)
 [0,0.0813572)
 [0,0.0813636)
 [0,0.0813995)
 [0,0.0814051)
 [0,0.0814099)
 [0,0.0814223)
 [0,0.0814405)
 [0,0.081449)
 [0,0.0814497)
 [0,0.081462)
 [0,0.0815212)
 [0,0.0815238)
 [0,0.0815705)
 [0,0.0815708)
 [0,0.0815723)
 [0,0.0815767)
 [0,0.0816409)
 [0,0.081795)
 [0,0.0818036)
 [0,0.0818678)
 [0,0.0818709)
 [0,0.0818854)
 [0,0.0818965)
 [0,0.0819165)
 [0,0.0819555)
 [0,0.0819804)
 [0,0.0820294)
 [0,0.0820819)
 [0,0.082097)
 [0,0.082112)
 [0,0.0821301)
 [0,0.0822034)
 [0,0.0822458)
 [0,0.0822563)
 [0,0.0822581)
 [0,0.0822727)
 [0,0.0822848)
 [0,0.0823044)
 [0,0.0823875)
 [0,0.0824074)
 [0,0.0824129)
 [0,0.0824635)
 [0,0.0824853)
 [0,0.082494)
 [0,0.0825098)
 [0,0.0825153)
 [0,0.0825577)
 [0,0.0825645)
 [0,0.0825891)
 [0,0.0825943)
 [0,0.0826159)
 [0,0.0827096)
 [0,0.0827224)
 [0,0.0828132)
 [0,0.0828308)
 [0,0.0828701)
 [0,0.0828734)
 [0,0.0828839)
 [0,0.082909)
 [0,0.0829287)
 [0,0.0829318)
 [0,0.0829376)
 [0,0.0829634)
 [0,0.0829693)
 [0,0.0829698)
 [0,0.0829867)
 [0,0.082999)
 [0,0.083035)
 [0,0.0830409)
 [0,0.0830846)
 [0,0.083122)
 [0,0.0831449)
 [0,0.0831688)
 [0,0.0831802)
 [0,0.0831966)
 [0,0.0832483)
 [0,0.0832504)
 [0,0.0832606)
 [0,0.0832696)
 [0,0.0832718)
 [0,0.083286)
 [0,0.0832945)
 [0,0.0833173)
 [0,0.0833216)
 [0,0.083325)
 [0,0.0833469)
 [0,0.0833469)
 [0,0.0833945)
 [0,0.0834341)
 [0,0.0834399)
 [0,0.0834717)
 [0,0.0834838)
 [0,0.083529)
 [0,0.08355)
 [0,0.0835512)
 [0,0.0835512)
 [0,0.0835538)
 [0,0.0835832)
 [0,0.0836605)
 [0,0.0837076)
 [0,0.0837266)
 [0,0.0837567)
 [0,0.0837646)
 [0,0.0838344)
 [0,0.0838441)
 [0,0.0838624)
 [0,0.0838772)
 [0,0.0838956)
 [0,0.083921)
 [0,0.0840004)
 [0,0.0840519)
 [0,0.0840758)
 [0,0.0840786)
 [0,0.0840873)
 [0,0.0841032)
 [0,0.0841066)
 [0,0.0841221)
 [0,0.0841475)
 [0,0.0841683)
 [0,0.0841699)
 [0,0.0841703)
 [0,0.08419)
 [0,0.0842199)
 [0,0.0842653)
 [0,0.0842734)
 [0,0.0842966)
 [0,0.0843382)
 [0,0.0843401)
 [0,0.0843868)
 [0,0.0844086)
 [0,0.0844273)
 [0,0.0844611)
 [0,0.084484)
 [0,0.0845175)
 [0,0.0845336)
 [0,0.0845424)
 [0,0.0846044)
 [0,0.0846205)
 [0,0.0846322)
 [0,0.0846434)
 [0,0.0846562)
 [0,0.084673)
 [0,0.0846787)
 [0,0.0846955)
 [0,0.0847054)
 [0,0.0847553)
 [0,0.0847685)
 [0,0.084819)
 [0,0.0848219)
 [0,0.0848981)
 [0,0.0849661)
 [0,0.0849748)
 [0,0.0849763)
 [0,0.0850141)
 [0,0.0850341)
 [0,0.0850443)
 [0,0.0850642)
 [0,0.0851011)
 [0,0.0851057)
 [0,0.0851129)
 [0,0.0851259)
 [0,0.0851289)
 [0,0.0851326)
 [0,0.0851482)
 [0,0.0851668)
 [0,0.0851713)
 [0,0.0851825)
 [0,0.0852139)
 [0,0.0852907)
 [0,0.0853331)
 [0,0.0854121)
 [0,0.0854555)
 [0,0.0854562)
 [0,0.0855588)
 [0,0.0856203)
 [0,0.0856294)
 [0,0.0856472)
 [0,0.0856481)
 [0,0.0856899)
 [0,0.0857069)
 [0,0.0857184)
 [0,0.0857311)
 [0,0.0857624)
 [0,0.0858012)
 [0,0.0858452)
 [0,0.0858724)
 [0,0.0858766)
 [0,0.0858842)
 [0,0.0858861)
 [0,0.0858882)
 [0,0.0859064)
 [0,0.0859786)
 [0,0.0859886)
 [0,0.086002)
 [0,0.0860507)
 [0,0.0860848)
 [0,0.0860888)
 [0,0.0860924)
 [0,0.0861073)
 [0,0.0861169)
 [0,0.0862338)
 [0,0.0862418)
 [0,0.0862441)
 [0,0.086314)
 [0,0.0863417)
 [0,0.0863854)
 [0,0.0864262)
 [0,0.086466)
 [0,0.0864848)
 [0,0.0864869)
 [0,0.0865025)
 [0,0.0865124)
 [0,0.0865635)
 [0,0.0865943)
 [0,0.0866323)
 [0,0.0866794)
 [0,0.0867098)
 [0,0.0867263)
 [0,0.0867315)
 [0,0.0867819)
 [0,0.086782)
 [0,0.0867851)
 [0,0.0868247)
 [0,0.0868316)
 [0,0.0868361)
 [0,0.0868453)
 [0,0.0869145)
 [0,0.0869472)
 [0,0.0869549)
 [0,0.0869958)
 [0,0.0870036)
 [0,0.0870092)
 [0,0.0870306)
 [0,0.0871014)
 [0,0.0871493)
 [0,0.0871783)
 [0,0.0871927)
 [0,0.0872003)
 [0,0.0872339)
 [0,0.0872431)
 [0,0.0872845)
 [0,0.0873041)
 [0,0.0873196)
 [0,0.0873226)
 [0,0.0873264)
 [0,0.0873816)
 [0,0.0874163)
 [0,0.0874269)
 [0,0.0874341)
 [0,0.0874434)
 [0,0.0874663)
 [0,0.0874671)
 [0,0.087488)
 [0,0.0875238)
 [0,0.0875295)
 [0,0.087567)
 [0,0.0875693)
 [0,0.087578)
 [0,0.0876586)
 [0,0.0876817)
 [0,0.087693)
 [0,0.0877061)
 [0,0.087709)
 [0,0.0877489)
 [0,0.087849)
 [0,0.0878597)
 [0,0.0878792)
 [0,0.0879467)
 [0,0.0879613)
 [0,0.0879871)
 [0,0.0880062)
 [0,0.0880171)
 [0,0.0880871)
 [0,0.0881514)
 [0,0.088158)
 [0,0.0882445)
 [0,0.0882778)
 [0,0.0882851)
 [0,0.0882855)
 [0,0.0882936)
 [0,0.0883012)
 [0,0.0883069)
 [0,0.0883237)
 [0,0.0884251)
 [0,0.0884309)
 [0,0.0884565)
 [0,0.0884641)
 [0,0.088468)
 [0,0.0884721)
 [0,0.0884793)
 [0,0.0884795)
 [0,0.0885122)
 [0,0.0885134)
 [0,0.0885866)
 [0,0.0885899)
 [0,0.0886056)
 [0,0.0886336)
 [0,0.0886507)
 [0,0.0886804)
 [0,0.0886985)
 [0,0.0887059)
 [0,0.0887221)
 [0,0.0887281)
 [0,0.0888742)
 [0,0.0889078)
 [0,0.088923)
 [0,0.088951)
 [0,0.0889909)
 [0,0.0890138)
 [0,0.0890467)
 [0,0.0890756)
 [0,0.0890883)
 [0,0.0891425)
 [0,0.0891568)
 [0,0.0891989)
 [0,0.089204)
 [0,0.089216)
 [0,0.0892469)
 [0,0.0892683)
 [0,0.0892821)
 [0,0.0892993)
 [0,0.0893024)
 [0,0.0893953)
 [0,0.089542)
 [0,0.0895487)
 [0,0.0895705)
 [0,0.0895728)
 [0,0.0895773)
 [0,0.0896023)
 [0,0.0896149)
 [0,0.0896628)
 [0,0.0896966)
 [0,0.0897519)
 [0,0.0897861)
 [0,0.0898338)
 [0,0.0898631)
 [0,0.0898665)
 [0,0.0898749)
 [0,0.0898833)
 [0,0.0900044)
 [0,0.0900184)
 [0,0.0900253)
 [0,0.0900338)
 [0,0.0900689)
 [0,0.0900786)
 [0,0.0900812)
 [0,0.0901158)
 [0,0.0901266)
 [0,0.0901811)
 [0,0.0902201)
 [0,0.0902323)
 [0,0.0902354)
 [0,0.0902542)
 [0,0.0902978)
 [0,0.0903231)
 [0,0.090344)
 [0,0.0903666)
 [0,0.0903709)
 [0,0.0903857)
 [0,0.0903857)
 [0,0.0903891)
 [0,0.0904051)
 [0,0.0904336)
 [0,0.0904826)
 [0,0.0904831)
 [0,0.0905184)
 [0,0.0905506)
 [0,0.0905665)
 [0,0.0905832)
 [0,0.0905897)
 [0,0.0905926)
 [0,0.0906073)
 [0,0.0906146)
 [0,0.0906228)
 [0,0.0906321)
 [0,0.0906475)
 [0,0.090661)
 [0,0.0906684)
 [0,0.0906827)
 [0,0.0907153)
 [0,0.0907335)
 [0,0.0907581)
 [0,0.0907667)
 [0,0.0907669)
 [0,0.0907696)
 [0,0.0907772)
 [0,0.0908119)
 [0,0.090816)
 [0,0.0909267)
 [0,0.0909618)
 [0,0.0909858)
 [0,0.0910016)
 [0,0.0910097)
 [0,0.0910431)
 [0,0.0910881)
 [0,0.0910932)
 [0,0.0911004)
 [0,0.0911871)
 [0,0.0911947)
 [0,0.0912039)
 [0,0.0912162)
 [0,0.0912262)
 [0,0.0912282)
 [0,0.0912548)
 [0,0.091265)
 [0,0.0912816)
 [0,0.0912837)
 [0,0.0913182)
 [0,0.0913285)
 [0,0.0913932)
 [0,0.0913944)
 [0,0.0914663)
 [0,0.0914686)
 [0,0.0914736)
 [0,0.0915252)
 [0,0.0915297)
 [0,0.0915597)
 [0,0.0915615)
 [0,0.0916136)
 [0,0.091614)
 [0,0.0916335)
 [0,0.091634)
 [0,0.0916652)
 [0,0.0917309)
 [0,0.0917406)
 [0,0.0917487)
 [0,0.0917869)
 [0,0.0918946)
 [0,0.0919224)
 [0,0.0919309)
 [0,0.0919708)
 [0,0.0921066)
 [0,0.0921415)
 [0,0.0921428)
 [0,0.092144)
 [0,0.0921461)
 [0,0.0921512)
 [0,0.0921691)
 [0,0.0922159)
 [0,0.0922273)
 [0,0.0922276)
 [0,0.0922286)
 [0,0.0922515)
 [0,0.0922755)
 [0,0.0922888)
 [0,0.0923002)
 [0,0.0923186)
 [0,0.0923635)
 [0,0.0924066)
 [0,0.0924189)
 [0,0.0924261)
 [0,0.0924356)
 [0,0.0924418)
 [0,0.0924441)
 [0,0.0924469)
 [0,0.0924607)
 [0,0.092513)
 [0,0.0925444)
 [0,0.0925609)
 [0,0.0925708)
 [0,0.0926454)
 [0,0.09267)
 [0,0.0927571)
 [0,0.0928935)
 [0,0.0929964)
 [0,0.0930033)
 [0,0.0930788)
 [0,0.0930874)
 [0,0.0931199)
 [0,0.093132)
 [0,0.0931533)
 [0,0.0932112)
 [0,0.0932265)
 [0,0.0932583)
 [0,0.0932759)
 [0,0.093276)
 [0,0.0932809)
 [0,0.093289)
 [0,0.093368)
 [0,0.0933969)
 [0,0.0934316)
 [0,0.0934911)
 [0,0.0935126)
 [0,0.0935552)
 [0,0.0936128)
 [0,0.0936339)
 [0,0.0936642)
 [0,0.0936943)
 [0,0.0937154)
 [0,0.0937505)
 [0,0.0937991)
 [0,0.0938047)
 [0,0.0938235)
 [0,0.0938933)
 [0,0.0939374)
 [0,0.0940768)
 [0,0.0941432)
 [0,0.0941437)
 [0,0.0942289)
 [0,0.09423)
 [0,0.0942315)
 [0,0.0942658)
 [0,0.0943327)
 [0,0.0943515)
 [0,0.0943564)
 [0,0.094361)
 [0,0.0943651)
 [0,0.0943717)
 [0,0.0943957)
 [0,0.0944166)
 [0,0.094436)
 [0,0.0944368)
 [0,0.0944494)
 [0,0.0944571)
 [0,0.0944633)
 [0,0.0944683)
 [0,0.0945026)
 [0,0.0945824)
 [0,0.0946024)
 [0,0.0946465)
 [0,0.0946552)
 [0,0.0946693)
 [0,0.0947205)
 [0,0.0947247)
 [0,0.0947335)
 [0,0.0947492)
 [0,0.0947721)
 [0,0.0947832)
 [0,0.0948121)
 [0,0.0948434)
 [0,0.0948436)
 [0,0.0948494)
 [0,0.0948682)
 [0,0.0948812)
 [0,0.0949146)
 [0,0.0949812)
 [0,0.0950006)
 [0,0.0950049)
 [0,0.0950445)
 [0,0.095059)
 [0,0.0951065)
 [0,0.0951215)
 [0,0.0951366)
 [0,0.095138)
 [0,0.0951776)
 [0,0.0951887)
 [0,0.0952057)
 [0,0.095211)
 [0,0.0952119)
 [0,0.0952167)
 [0,0.0952516)
 [0,0.0952536)
 [0,0.0952657)
 [0,0.0952735)
 [0,0.0953024)
 [0,0.0953083)
 [0,0.095336)
 [0,0.0953997)
 [0,0.0954378)
 [0,0.0954392)
 [0,0.0954585)
 [0,0.0954636)
 [0,0.0955377)
 [0,0.0955618)
 [0,0.0955859)
 [0,0.0956311)
 [0,0.0956374)
 [0,0.0956387)
 [0,0.0956838)
 [0,0.0957019)
 [0,0.0957561)
 [0,0.0957844)
 [0,0.0958111)
 [0,0.0958339)
 [0,0.0958689)
 [0,0.0958782)
 [0,0.0959009)
 [0,0.0959123)
 [0,0.0959125)
 [0,0.0959199)
 [0,0.0959362)
 [0,0.095963)
 [0,0.0959694)
 [0,0.0959823)
 [0,0.0959909)
 [0,0.0960048)
 [0,0.0960278)
 [0,0.0960299)
 [0,0.0960536)
 [0,0.0960542)
 [0,0.0960768)
 [0,0.0961313)
 [0,0.0961384)
 [0,0.0961954)
 [0,0.0961957)
 [0,0.0961989)
 [0,0.0962352)
 [0,0.0962616)
 [0,0.0962698)
 [0,0.0963144)
 [0,0.0963255)
 [0,0.0963699)
 [0,0.0963864)
 [0,0.0964232)
 [0,0.0964509)
 [0,0.0964969)
 [0,0.0964971)
 [0,0.0965408)
 [0,0.0965424)
 [0,0.0965468)
 [0,0.0965584)
 [0,0.0965842)
 [0,0.0966254)
 [0,0.0966358)
 [0,0.0966609)
 [0,0.0966957)
 [0,0.0967352)
 [0,0.0967352)
 [0,0.0968076)
 [0,0.0968326)
 [0,0.0968376)
 [0,0.0968659)
 [0,0.0968772)
 [0,0.0968935)
 [0,0.0968973)
 [0,0.0969128)
 [0,0.0970451)
 [0,0.0970629)
 [0,0.0970999)
 [0,0.097127)
 [0,0.0971672)
 [0,0.0972041)
 [0,0.0972147)
 [0,0.0972293)
 [0,0.0972477)
 [0,0.0972494)
 [0,0.0972763)
 [0,0.097313)
 [0,0.0973254)
 [0,0.0973661)
 [0,0.0973678)
 [0,0.0973812)
 [0,0.0973929)
 [0,0.0974267)
 [0,0.0974376)
 [0,0.0974437)
 [0,0.0974548)
 [0,0.097472)
 [0,0.0974731)
 [0,0.0974895)
 [0,0.0975138)
 [0,0.0975196)
 [0,0.0976818)
 [0,0.0976843)
 [0,0.0976963)
 [0,0.0977852)
 [0,0.097786)
 [0,0.0978025)
 [0,0.0978156)
 [0,0.0978514)
 [0,0.0978575)
 [0,0.0978692)
 [0,0.0978765)
 [0,0.0978983)
 [0,0.0979068)
 [0,0.0979705)
 [0,0.09798)
 [0,0.0980085)
 [0,0.0980494)
 [0,0.0982004)
 [0,0.0982145)
 [0,0.0982379)
 [0,0.0983843)
 [0,0.0984114)
 [0,0.0984121)
 [0,0.0984178)
 [0,0.0984296)
 [0,0.0984662)
 [0,0.0984728)
 [0,0.0984787)
 [0,0.0984851)
 [0,0.0985049)
 [0,0.0985387)
 [0,0.0986867)
 [0,0.0986921)
 [0,0.098698)
 [0,0.0986999)
 [0,0.0987231)
 [0,0.0987829)
 [0,0.0987916)
 [0,0.0988036)
 [0,0.0988134)
 [0,0.0988542)
 [0,0.0988544)
 [0,0.0988976)
 [0,0.0989072)
 [0,0.0989084)
 [0,0.0989266)
 [0,0.0989706)
 [0,0.0990458)
 [0,0.0990458)
 [0,0.0990762)
 [0,0.0991556)
 [0,0.099214)
 [0,0.0992606)
 [0,0.0992965)
 [0,0.0993261)
 [0,0.0993414)
 [0,0.0994596)
 [0,0.0994929)
 [0,0.0995736)
 [0,0.0996042)
 [0,0.0996305)
 [0,0.0996647)
 [0,0.0996697)
 [0,0.0997253)
 [0,0.0997346)
 [0,0.0997578)
 [0,0.0997901)
 [0,0.0998125)
 [0,0.0999247)
 [0,0.0999276)
 [0,0.0999291)
 [0,0.0999482)
 [0,0.0999485)
 [0,0.0999581)
 [0,0.100012)
 [0,0.100034)
 [0,0.100064)
 [0,0.100093)
 [0,0.100104)
 [0,0.100125)
 [0,0.100148)
 [0,0.100182)
 [0,0.100217)
 [0,0.10022)
 [0,0.100223)
 [0,0.100228)
 [0,0.100236)
 [0,0.100239)
 [0,0.100251)
 [0,0.100263)
 [0,0.100272)
 [0,0.10028)
 [0,0.100282)
 [0,0.100291)
 [0,0.100328)
 [0,0.100397)
 [0,0.100422)
 [0,0.10044)
 [0,0.100455)
 [0,0.100508)
 [0,0.100521)
 [0,0.100528)
 [0,0.100541)
 [0,0.100572)
 [0,0.100707)
 [0,0.100725)
 [0,0.100805)
 [0,0.100822)
 [0,0.100842)
 [0,0.100866)
 [0,0.10099)
 [0,0.100997)
 [0,0.101022)
 [0,0.101054)
 [0,0.101063)
 [0,0.101067)
 [0,0.101127)
 [0,0.101135)
 [0,0.101149)
 [0,0.101158)
 [0,0.101195)
 [0,0.101228)
 [0,0.10127)
 [0,0.101328)
 [0,0.101458)
 [0,0.101467)
 [0,0.101497)
 [0,0.101499)
 [0,0.101512)
 [0,0.101567)
 [0,0.101643)
 [0,0.101668)
 [0,0.101671)
 [0,0.101674)
 [0,0.101731)
 [0,0.101813)
 [0,0.101845)
 [0,0.10185)
 [0,0.101964)
 [0,0.101979)
 [0,0.102051)
 [0,0.102057)
 [0,0.1021)
 [0,0.102154)
 [0,0.102165)
 [0,0.102203)
 [0,0.102254)
 [0,0.10227)
 [0,0.102288)
 [0,0.102337)
 [0,0.102339)
 [0,0.102364)
 [0,0.10239)
 [0,0.102418)
 [0,0.102444)
 [0,0.102464)
 [0,0.102519)
 [0,0.102544)
 [0,0.102586)
 [0,0.102641)
 [0,0.102644)
 [0,0.102655)
 [0,0.102696)
 [0,0.102778)
 [0,0.102792)
 [0,0.102815)
 [0,0.10284)
 [0,0.102847)
 [0,0.102909)
 [0,0.102911)
 [0,0.102965)
 [0,0.103031)
 [0,0.10308)
 [0,0.103083)
 [0,0.103102)
 [0,0.103115)
 [0,0.103147)
 [0,0.103162)
 [0,0.103165)
 [0,0.103209)
 [0,0.103222)
 [0,0.103247)
 [0,0.103275)
 [0,0.103292)
 [0,0.103306)
 [0,0.103329)
 [0,0.103347)
 [0,0.103348)
 [0,0.103432)
 [0,0.103484)
 [0,0.103495)
 [0,0.103514)
 [0,0.103538)
 [0,0.103585)
 [0,0.103587)
 [0,0.103624)
 [0,0.103633)
 [0,0.103665)
 [0,0.103675)
 [0,0.10368)
 [0,0.103728)
 [0,0.103796)
 [0,0.103857)
 [0,0.104046)
 [0,0.10405)
 [0,0.104058)
 [0,0.104103)
 [0,0.104219)
 [0,0.104231)
 [0,0.104284)
 [0,0.104381)
 [0,0.104382)
 [0,0.104395)
 [0,0.104404)
 [0,0.104449)
 [0,0.104484)
 [0,0.104499)
 [0,0.104531)
 [0,0.104574)
 [0,0.104575)
 [0,0.104599)
 [0,0.104608)
 [0,0.104616)
 [0,0.104651)
 [0,0.10466)
 [0,0.104662)
 [0,0.104663)
 [0,0.104778)
 [0,0.104819)
 [0,0.104821)
 [0,0.104833)
 [0,0.104872)
 [0,0.104911)
 [0,0.104937)
 [0,0.104991)
 [0,0.105012)
 [0,0.105033)
 [0,0.105055)
 [0,0.105165)
 [0,0.105192)
 [0,0.105208)
 [0,0.105222)
 [0,0.105235)
 [0,0.105306)
 [0,0.105387)
 [0,0.105401)
 [0,0.105429)
 [0,0.105447)
 [0,0.105462)
 [0,0.105464)
 [0,0.105467)
 [0,0.105472)
 [0,0.105475)
 [0,0.105485)
 [0,0.105519)
 [0,0.105584)
 [0,0.105589)
 [0,0.105604)
 [0,0.105637)
 [0,0.105679)
 [0,0.105686)
 [0,0.105777)
 [0,0.105792)
 [0,0.105845)
 [0,0.105868)
 [0,0.105882)
 [0,0.105886)
 [0,0.105891)
 [0,0.105899)
 [0,0.105901)
 [0,0.105943)
 [0,0.105945)
 [0,0.10595)
 [0,0.106007)
 [0,0.106042)
 [0,0.106118)
 [0,0.106126)
 [0,0.10613)
 [0,0.106163)
 [0,0.106173)
 [0,0.106207)
 [0,0.106215)
 [0,0.106255)
 [0,0.106273)
 [0,0.106302)
 [0,0.106314)
 [0,0.106314)
 [0,0.106315)
 [0,0.106319)
 [0,0.106337)
 [0,0.106343)
 [0,0.106363)
 [0,0.106424)
 [0,0.106439)
 [0,0.106497)
 [0,0.106534)
 [0,0.106679)
 [0,0.106745)
 [0,0.106756)
 [0,0.106775)
 [0,0.106836)
 [0,0.10689)
 [0,0.106914)
 [0,0.106959)
 [0,0.106985)
 [0,0.106986)
 [0,0.107028)
 [0,0.107038)
 [0,0.107065)
 [0,0.107123)
 [0,0.107126)
 [0,0.107151)
 [0,0.107253)
 [0,0.107256)
 [0,0.107296)
 [0,0.107303)
 [0,0.107339)
 [0,0.107358)
 [0,0.107411)
 [0,0.107459)
 [0,0.107467)
 [0,0.107509)
 [0,0.107564)
 [0,0.107587)
 [0,0.107619)
 [0,0.107623)
 [0,0.107741)
 [0,0.107769)
 [0,0.107815)
 [0,0.107823)
 [0,0.107836)
 [0,0.10784)
 [0,0.107968)
 [0,0.108035)
 [0,0.108048)
 [0,0.108058)
 [0,0.108144)
 [0,0.108162)
 [0,0.108166)
 [0,0.108184)
 [0,0.108301)
 [0,0.108321)
 [0,0.108323)
 [0,0.108363)
 [0,0.10846)
 [0,0.108461)
 [0,0.108488)
 [0,0.108512)
 [0,0.108539)
 [0,0.108571)
 [0,0.1086)
 [0,0.108613)
 [0,0.108629)
 [0,0.108638)
 [0,0.108641)
 [0,0.108677)
 [0,0.10869)
 [0,0.108742)
 [0,0.108774)
 [0,0.108835)
 [0,0.108838)
 [0,0.108853)
 [0,0.108887)
 [0,0.108963)
 [0,0.108998)
 [0,0.109011)
 [0,0.10902)
 [0,0.109033)
 [0,0.109036)
 [0,0.10915)
 [0,0.10916)
 [0,0.109223)
 [0,0.109273)
 [0,0.109343)
 [0,0.109379)
 [0,0.109396)
 [0,0.109435)
 [0,0.109513)
 [0,0.109535)
 [0,0.109542)
 [0,0.109576)
 [0,0.109638)
 [0,0.109645)
 [0,0.109662)
 [0,0.10968)
 [0,0.109737)
 [0,0.109816)
 [0,0.109839)
 [0,0.109906)
 [0,0.110007)
 [0,0.110023)
 [0,0.110062)
 [0,0.110102)
 [0,0.110208)
 [0,0.110378)
 [0,0.110393)
 [0,0.110633)
 [0,0.110643)
 [0,0.110654)
 [0,0.110654)
 [0,0.110663)
 [0,0.110666)
 [0,0.110694)
 [0,0.110734)
 [0,0.110773)
 [0,0.110797)
 [0,0.110803)
 [0,0.110844)
 [0,0.110898)
 [0,0.110973)
 [0,0.110994)
 [0,0.111005)
 [0,0.111058)
 [0,0.111124)
 [0,0.111144)
 [0,0.111167)
 [0,0.111225)
 [0,0.111246)
 [0,0.111255)
 [0,0.111333)
 [0,0.111463)
 [0,0.11148)
 [0,0.111493)
 [0,0.111563)
 [0,0.11157)
 [0,0.111591)
 [0,0.111596)
 [0,0.111633)
 [0,0.11165)
 [0,0.111709)
 [0,0.111719)
 [0,0.111721)
 [0,0.111741)
 [0,0.111849)
 [0,0.111974)
 [0,0.112045)
 [0,0.112118)
 [0,0.112129)
 [0,0.112137)
 [0,0.112168)
 [0,0.112174)
 [0,0.112217)
 [0,0.112292)
 [0,0.112339)
 [0,0.112374)
 [0,0.112509)
 [0,0.112567)
 [0,0.112634)
 [0,0.112649)
 [0,0.112708)
 [0,0.112718)
 [0,0.11272)
 [0,0.112739)
 [0,0.112822)
 [0,0.11299)
 [0,0.113)
 [0,0.113013)
 [0,0.113053)
 [0,0.113058)
 [0,0.113117)
 [0,0.113123)
 [0,0.113133)
 [0,0.11326)
 [0,0.113334)
 [0,0.11334)
 [0,0.113381)
 [0,0.11345)
 [0,0.113509)
 [0,0.113643)
 [0,0.113681)
 [0,0.113686)
 [0,0.113689)
 [0,0.113717)
 [0,0.113847)
 [0,0.113948)
 [0,0.11396)
 [0,0.114011)
 [0,0.114082)
 [0,0.114188)
 [0,0.114208)
 [0,0.114299)
 [0,0.11442)
 [0,0.114446)
 [0,0.114461)
 [0,0.114498)
 [0,0.114547)
 [0,0.114574)
 [0,0.1146)
 [0,0.114614)
 [0,0.11463)
 [0,0.114631)
 [0,0.11469)
 [0,0.114727)
 [0,0.114821)
 [0,0.1149)
 [0,0.114946)
 [0,0.115)
 [0,0.115068)
 [0,0.115092)
 [0,0.115128)
 [0,0.115134)
 [0,0.115208)
 [0,0.115212)
 [0,0.115269)
 [0,0.115359)
 [0,0.115399)
 [0,0.115478)
 [0,0.115529)
 [0,0.115572)
 [0,0.115592)
 [0,0.115809)
 [0,0.115816)
 [0,0.115849)
 [0,0.115903)
 [0,0.115934)
 [0,0.11601)
 [0,0.116066)
 [0,0.116081)
 [0,0.116125)
 [0,0.116127)
 [0,0.116264)
 [0,0.116484)
 [0,0.116518)
 [0,0.116547)
 [0,0.1166)
 [0,0.116771)
 [0,0.11678)
 [0,0.116826)
 [0,0.116869)
 [0,0.116876)
 [0,0.116952)
 [0,0.116965)
 [0,0.116976)
 [0,0.117055)
 [0,0.117093)
 [0,0.117197)
 [0,0.117232)
 [0,0.117269)
 [0,0.117316)
 [0,0.117317)
 [0,0.117449)
 [0,0.117518)
 [0,0.117762)
 [0,0.117839)
 [0,0.117958)
 [0,0.117984)
 [0,0.117986)
 [0,0.117993)
 [0,0.117996)
 [0,0.118029)
 [0,0.118054)
 [0,0.118113)
 [0,0.118196)
 [0,0.118197)
 [0,0.118211)
 [0,0.118243)
 [0,0.118257)
 [0,0.118406)
 [0,0.11842)
 [0,0.118426)
 [0,0.118466)
 [0,0.118575)
 [0,0.118591)
 [0,0.118628)
 [0,0.118717)
 [0,0.118789)
 [0,0.118804)
 [0,0.118986)
 [0,0.118998)
 [0,0.119171)
 [0,0.119215)
 [0,0.119294)
 [0,0.119318)
 [0,0.119411)
 [0,0.119662)
 [0,0.119683)
 [0,0.119736)
 [0,0.119761)
 [0,0.119871)
 [0,0.119895)
 [0,0.119926)
 [0,0.119927)
 [0,0.119993)
 [0,0.12013)
 [0,0.120163)
 [0,0.120164)
 [0,0.120471)
 [0,0.120723)
 [0,0.120751)
 [0,0.120761)
 [0,0.120763)
 [0,0.120783)
 [0,0.12082)
 [0,0.120973)
 [0,0.121088)
 [0,0.121155)
 [0,0.121243)
 [0,0.121445)
 [0,0.121826)
 [0,0.122019)
 [0,0.122085)
 [0,0.122105)
 [0,0.122112)
 [0,0.12212)
 [0,0.122125)
 [0,0.122226)
 [0,0.122267)
 [0,0.122309)
 [0,0.122321)
 [0,0.122553)
 [0,0.122619)
 [0,0.122626)
 [0,0.122656)
 [0,0.123011)
 [0,0.123031)
 [0,0.123128)
 [0,0.123309)
 [0,0.123516)
 [0,0.123559)
 [0,0.123697)
 [0,0.123772)
 [0,0.123998)
 [0,0.124101)
 [0,0.124225)
 [0,0.124225)
 [0,0.124325)
 [0,0.124404)
 [0,0.124632)
 [0,0.124667)
 [0,0.124891)
 [0,0.12511)
 [0,0.125236)
 [0,0.125476)
 [0,0.125505)
 [0,0.125598)
 [0,0.126102)
 [0,0.12624)
 [0,0.126374)
 [0,0.126459)
 [0,0.126584)
 [0,0.126653)
 [0,0.126821)
 [0,0.127)
 [0,0.127069)
 [0,0.127309)
 [0,0.127486)
 [0,0.127673)
 [0,0.12789)
 [0,0.127936)
 [0,0.128209)
 [0,0.128376)
 [0,0.128576)
 [0,0.128757)
 [0,0.128763)
 [0,0.128921)
 [0,0.128944)
 [0,0.129667)
 [0,0.129752)
 [0,0.129917)
 [0,0.129949)
 [0,0.130041)
 [0,0.130385)
 [0,0.130899)
 [0,0.130906)
 [0,0.130998)
 [0,0.131316)
 [0,0.131483)
 [0,0.131717)
 [0,0.131764)
 [0,0.131865)
 [0,0.131928)
 [0,0.131946)
 [0,0.13197)
 [0,0.13201)
 [0,0.132676)
 [0,0.132812)
 [0,0.132861)
 [0,0.132942)
 [0,0.133286)
 [0,0.133504)
 [0,0.133573)
 [0,0.133607)
 [0,0.133661)
 [0,0.133944)
 [0,0.13407)
 [0,0.134293)
 [0,0.134915)
 [0,0.135403)
 [0,0.135648)
 [0,0.135718)
 [0,0.13637)
 [0,0.137207)
 [0,0.137331)
 [0,0.137758)
 [0,0.137894)
 [0,0.137949)
 [0,0.138829)
 [0,0.139067)
 [0,0.14022)
 [0,0.14049)
 [0,0.141248)
 [0,0.141423)
 [0,0.142626)
 [0,0.142893)
 [0,0.143234)
 [0,0.148721)
 [0, )
persistence intervals in dim 1:
 [0.713948,0.716091)
 [0.711419,0.718098)
 [0.192477,0.192814)
 [0.192125,0.211588)
 [0.189347,0.194195)
 [0.189023,0.191218)
 [0.188852,0.19303)
 [0.188548,0.201311)
 [0.186006,0.219332)
 [0.184348,0.186289)
 [0.184346,0.19326)
 [0.184159,0.187682)
 [0.183956,0.186148)
 [0.183247,0.18565)
 [0.182869,0.200974)
 [0.181918,0.191131)
 [0.181009,0.186003)
 [0.180655,0.183912)
 [0.180374,0.181877)
 [0.179873,0.208493)
 [0.179464,0.20197)
 [0.179434,0.190926)
 [0.178053,0.216804)
 [0.176496,0.215465)
 [0.176382,0.209333)
 [0.176313,0.195462)
 [0.176311,0.205691)
 [0.176185,0.179592)
 [0.17542,0.229433)
 [0.175225,0.17643)
 [0.175055,0.183548)
 [0.174319,0.210899)
 [0.174262,0.188813)
 [0.174219,0.195407)
 [0.173802,0.201092)
 [0.173768,0.185572)
 [0.173433,0.190187)
 [0.173221,0.175433)
 [0.172799,0.177922)
 [0.172627,0.211518)
 [0.171022,0.191824)
 [0.170621,0.18074)
 [0.170285,0.183694)
 [0.17016,0.20019)
 [0.169479,0.235951)
 [0.169108,0.171722)
 [0.168638,0.171252)
 [0.167956,0.170009)
 [0.167834,0.186883)
 [0.167564,0.173956)
 [0.167507,0.192776)
 [0.166961,0.184384)
 [0.166917,0.202727)
 [0.16683,0.207441)
 [0.166267,0.184441)
 [0.166195,0.182192)
 [0.165611,0.178488)
 [0.165499,0.18069)
 [0.165462,0.169963)
 [0.16521,0.198752)
 [0.164662,0.202187)
 [0.164625,0.176713)
 [0.16461,0.197684)
 [0.1646,0.195407)
 [0.164492,0.1723)
 [0.164462,0.165484)
 [0.164187,0.191106)
 [0.163929,0.174149)
 [0.16365,0.173477)
 [0.163609,0.165308)
 [0.163467,0.206941)
 [0.163351,0.182859)
 [0.16301,0.192599)
 [0.162923,0.186186)
 [0.162904,0.223904)
 [0.162855,0.196231)
 [0.162351,0.17522)
 [0.162339,0.180183)
 [0.162322,0.183957)
 [0.162282,0.183832)
 [0.162089,0.164158)
 [0.161439,0.169874)
 [0.161311,0.179769)
 [0.161256,0.199587)
 [0.161092,0.179354)
 [0.161034,0.204629)
 [0.161026,0.163562)
 [0.16056,0.176074)
 [0.160353,0.181349)
 [0.16031,0.167557)
 [0.160283,0.162264)
 [0.160168,0.162108)
 [0.159844,0.16612)
 [0.159785,0.166018)
 [0.15899,0.172266)
 [0.158871,0.21935)
 [0.158849,0.174649)
 [0.158741,0.16276)
 [0.158672,0.170327)
 [0.158658,0.214258)
 [0.157974,0.205053)
 [0.157959,0.166554)
 [0.157921,0.175531)
 [0.157826,0.173305)
 [0.157726,0.181366)
 [0.157196,0.178087)
 [0.156964,0.168901)
 [0.156482,0.204622)
 [0.156423,0.16759)
 [0.156145,0.157939)
 [0.156019,0.189632)
 [0.155918,0.195434)
 [0.155782,0.156698)
 [0.155752,0.187867)
 [0.155388,0.193839)
 [0.155343,0.181878)
 [0.155278,0.170057)
 [0.155261,0.15924)
 [0.154735,0.164187)
 [0.154707,0.218327)
 [0.154612,0.214171)
 [0.154586,0.165258)
 [0.154534,0.161903)
 [0.154466,0.189521)
 [0.154429,0.183985)
 [0.154412,0.159216)
 [0.154175,0.188825)
 [0.154114,0.190143)
 [0.154058,0.158903)
 [0.154037,0.260229)
 [0.153879,0.163571)
 [0.15374,0.166406)
 [0.153733,0.183722)
 [0.153586,0.197137)
 [0.153355,0.165938)
 [0.153161,0.180662)
 [0.153079,0.194481)
 [0.153019,0.154667)
 [0.152801,0.191414)
 [0.152794,0.158002)
 [0.152781,0.17315)
 [0.152779,0.168977)
 [0.152723,0.160748)
 [0.152697,0.160337)
 [0.152644,0.162291)
 [0.152304,0.176015)
 [0.152273,0.159701)
 [0.152208,0.159381)
 [0.152194,0.160608)
 [0.152181,0.213686)
 [0.152159,0.176211)
 [0.152065,0.177211)
 [0.151968,0.175555)
 [0.151939,0.159547)
 [0.151697,0.164649)
 [0.151646,0.155226)
 [0.151381,0.151561)
 [0.151345,0.17532)
 [0.15124,0.183992)
 [0.151218,0.181445)
 [0.15114,0.185495)
 [0.15106,0.226856)
 [0.151011,0.154806)
 [0.150824,0.213605)
 [0.150792,0.17302)
 [0.150596,0.151019)
 [0.150504,0.188745)
 [0.150471,0.240445)
 [0.150438,0.175424)
 [0.150412,0.16126)
 [0.150378,0.158757)
 [0.150066,0.15536)
 [0.15006,0.160508)
 [0.149924,0.157835)
 [0.149892,0.170835)
 [0.14961,0.17169)
 [0.149583,0.18274)
 [0.149546,0.177744)
 [0.149538,0.203086)
 [0.14951,0.154744)
 [0.149385,0.17508)
 [0.149159,0.150528)
 [0.149096,0.169963)
 [0.148987,0.149799)
 [0.148931,0.163548)
 [0.148868,0.18175)
 [0.148706,0.174972)
 [0.148437,0.164243)
 [0.148433,0.1631)
 [0.148352,0.184736)
 [0.14826,0.190604)
 [0.148085,0.169461)
 [0.148055,0.155574)
 [0.147828,0.185275)
 [0.147815,0.200249)
 [0.147605,0.201573)
 [0.147539,0.175584)
 [0.14738,0.197924)
 [0.147333,0.187062)
 [0.147171,0.18043)
 [0.147143,0.170633)
 [0.147132,0.161857)
 [0.147002,0.158057)
 [0.146863,0.235972)
 [0.146861,0.207872)
 [0.146782,0.16694)
 [0.146693,0.216998)
 [0.146675,0.162339)
 [0.146538,0.169932)
 [0.14652,0.158553)
 [0.146355,0.154395)
 [0.146239,0.164216)
 [0.14616,0.20262)
 [0.146093,0.195147)
 [0.146089,0.168314)
 [0.146071,0.233118)
 [0.145824,0.182506)
 [0.145819,0.175643)
 [0.145778,0.192468)
 [0.145766,0.199736)
 [0.145751,0.20704)
 [0.145688,0.181409)
 [0.145663,0.148607)
 [0.145598,0.149851)
 [0.145572,0.188663)
 [0.145562,0.163257)
 [0.14543,0.166696)
 [0.145281,0.1811)
 [0.145275,0.16692)
 [0.145119,0.147193)
 [0.145084,0.14692)
 [0.145078,0.154573)
 [0.145059,0.150439)
 [0.14503,0.202763)
 [0.144848,0.158052)
 [0.144736,0.181632)
 [0.144687,0.160586)
 [0.144538,0.159153)
 [0.14449,0.217847)
 [0.14444,0.165405)
 [0.144383,0.14642)
 [0.144229,0.195236)
 [0.144207,0.185881)
 [0.144195,0.168895)
 [0.144162,0.151851)
 [0.144147,0.211655)
 [0.144116,0.17832)
 [0.144072,0.146487)
 [0.144045,0.206983)
 [0.143988,0.146004)
 [0.143968,0.158055)
 [0.143819,0.202585)
 [0.143756,0.166662)
 [0.143707,0.165352)
 [0.143687,0.184078)
 [0.143678,0.155165)
 [0.143548,0.145841)
 [0.143492,0.18463)
 [0.143489,0.154424)
 [0.143409,0.172203)
 [0.143408,0.166482)
 [0.143155,0.179876)
 [0.143038,0.203053)
 [0.142842,0.179389)
 [0.142795,0.148713)
 [0.142789,0.173782)
 [0.142782,0.143775)
 [0.142673,0.163878)
 [0.142565,0.160642)
 [0.142484,0.143207)
 [0.142378,0.165476)
 [0.142328,0.144451)
 [0.142256,0.158758)
 [0.142201,0.145228)
 [0.14216,0.187124)
 [0.142019,0.174242)
 [0.141915,0.159562)
 [0.141826,0.194723)
 [0.141808,0.2309)
 [0.141797,0.199754)
 [0.141764,0.144762)
 [0.141737,0.211361)
 [0.141717,0.186769)
 [0.141715,0.170308)
 [0.141625,0.175715)
 [0.141604,0.174059)
 [0.141591,0.166378)
 [0.141554,0.159624)
 [0.141547,0.16607)
 [0.14154,0.185933)
 [0.141524,0.185466)
 [0.141373,0.144259)
 [0.141367,0.166433)
 [0.141319,0.16351)
 [0.141272,0.17282)
 [0.141012,0.191978)
 [0.14091,0.16932)
 [0.140742,0.165488)
 [0.140732,0.158604)
 [0.140636,0.184218)
 [0.140483,0.159035)
 [0.140452,0.182078)
 [0.140441,0.163727)
 [0.14042,0.143888)
 [0.140389,0.172778)
 [0.140358,0.161302)
 [0.140072,0.203035)
 [0.139824,0.151963)
 [0.139712,0.186374)
 [0.13962,0.16348)
 [0.139498,0.166113)
 [0.139351,0.194533)
 [0.139331,0.179245)
 [0.13932,0.185929)
 [0.139233,0.156508)
 [0.139213,0.191798)
 [0.139204,0.223905)
 [0.139172,0.150628)
 [0.139143,0.195981)
 [0.139125,0.156264)
 [0.139078,0.15442)
 [0.139029,0.14833)
 [0.13885,0.171434)
 [0.138782,0.163203)
 [0.13877,0.210435)
 [0.138759,0.143794)
 [0.138733,0.237552)
 [0.138622,0.153546)
 [0.138549,0.168423)
 [0.138517,0.149844)
 [0.138483,0.143957)
 [0.138464,0.162845)
 [0.13838,0.178181)
 [0.13831,0.140883)
 [0.138279,0.224828)
 [0.138241,0.161428)
 [0.138194,0.14662)
 [0.138175,0.151566)
 [0.138133,0.195542)
 [0.138128,0.170177)
 [0.138043,0.166812)
 [0.13803,0.184312)
 [0.138023,0.166022)
 [0.13802,0.208184)
 [0.138015,0.164113)
 [0.138011,0.18414)
 [0.138008,0.206158)
 [0.13795,0.184962)
 [0.13794,0.159113)
 [0.137886,0.150645)
 [0.137733,0.190728)
 [0.137675,0.165504)
 [0.13762,0.147851)
 [0.13757,0.213665)
 [0.137494,0.139215)
 [0.137341,0.157518)
 [0.137286,0.232434)
 [0.137127,0.142844)
 [0.137115,0.184215)
 [0.1371,0.141612)
 [0.137077,0.197422)
 [0.137073,0.205837)
 [0.137035,0.14547)
 [0.137031,0.20177)
 [0.136929,0.143754)
 [0.136865,0.184478)
 [0.136788,0.196461)
 [0.136776,0.160548)
 [0.136754,0.147138)
 [0.136749,0.16222)
 [0.136746,0.202237)
 [0.136681,0.205247)
 [0.136655,0.182247)
 [0.13659,0.153527)
 [0.136544,0.179393)
 [0.136518,0.143698)
 [0.13604,0.185444)
 [0.136021,0.148817)
 [0.135911,0.19447)
 [0.135878,0.136408)
 [0.135754,0.161987)
 [0.135749,0.154266)
 [0.135739,0.235607)
 [0.13569,0.137887)
 [0.135683,0.175908)
 [0.135579,0.185455)
 [0.135468,0.179905)
 [0.135328,0.146215)
 [0.13531,0.171428)
 [0.135257,0.193037)
 [0.135178,0.192827)
 [0.13517,0.151308)
 [0.13506,0.144092)
 [0.135058,0.14913)
 [0.135035,0.193774)
 [0.135026,0.135984)
 [0.135007,0.146778)
 [0.134983,0.170103)
 [0.134964,0.222825)
 [0.134935,0.213508)
 [0.13477,0.152266)
 [0.134736,0.16452)
 [0.13472,0.150887)
 [0.134713,0.174195)
 [0.134682,0.19803)
 [0.134591,0.138357)
 [0.134589,0.23434)
 [0.134543,0.15514)
 [0.134497,0.199616)
 [0.134467,0.151653)
 [0.134378,0.13901)
 [0.134371,0.157411)
 [0.134202,0.143477)
 [0.134039,0.163708)
 [0.133993,0.188452)
 [0.133986,0.169896)
 [0.133965,0.22682)
 [0.133792,0.144157)
 [0.133787,0.135902)
 [0.133752,0.24079)
 [0.133751,0.179583)
 [0.133722,0.198683)
 [0.133676,0.184303)
 [0.133674,0.20601)
 [0.133609,0.213739)
 [0.133576,0.194394)
 [0.133559,0.16441)
 [0.133487,0.173237)
 [0.133322,0.179141)
 [0.133258,0.189208)
 [0.133144,0.168658)
 [0.133131,0.163089)
 [0.132932,0.202337)
 [0.132927,0.144912)
 [0.132891,0.18807)
 [0.132863,0.162324)
 [0.132828,0.224663)
 [0.132802,0.217943)
 [0.132779,0.138108)
 [0.132731,0.178463)
 [0.132697,0.171356)
 [0.132612,0.13621)
 [0.132567,0.173563)
 [0.132539,0.180138)
 [0.132529,0.176919)
 [0.132517,0.146201)
 [0.132456,0.138311)
 [0.132375,0.136144)
 [0.132346,0.150085)
 [0.132255,0.162331)
 [0.132236,0.152821)
 [0.132199,0.205426)
 [0.132077,0.203976)
 [0.132045,0.142509)
 [0.131983,0.166813)
 [0.131979,0.157493)
 [0.131971,0.145441)
 [0.131847,0.145574)
 [0.131847,0.13879)
 [0.131805,0.145351)
 [0.131804,0.190031)
 [0.131799,0.158199)
 [0.131772,0.238201)
 [0.131743,0.144548)
 [0.131742,0.134401)
 [0.131692,0.196173)
 [0.131636,0.140048)
 [0.131483,0.226835)
 [0.131455,0.185583)
 [0.131421,0.193973)
 [0.131359,0.177277)
 [0.131349,0.142665)
 [0.131326,0.194279)
 [0.131322,0.140262)
 [0.131087,0.151284)
 [0.131079,0.170925)
 [0.131032,0.141216)
 [0.130948,0.235662)
 [0.130844,0.140867)
 [0.130811,0.136247)
 [0.130764,0.211148)
 [0.130763,0.187882)
 [0.130746,0.14918)
 [0.130734,0.14481)
 [0.130733,0.142162)
 [0.130683,0.186125)
 [0.130627,0.171564)
 [0.130569,0.179512)
 [0.130516,0.192784)
 [0.130444,0.133149)
 [0.130437,0.190061)
 [0.130344,0.199628)
 [0.130294,0.161359)
 [0.13027,0.14994)
 [0.130253,0.133281)
 [0.130233,0.154974)
 [0.130231,0.196427)
 [0.130108,0.154266)
 [0.130068,0.138899)
 [0.130047,0.161272)
 [0.129936,0.236926)
 [0.129933,0.155162)
 [0.12993,0.166526)
 [0.129789,0.15409)
 [0.129512,0.134629)
 [0.129503,0.133856)
 [0.12948,0.13576)
 [0.129453,0.151281)
 [0.129406,0.142511)
 [0.12934,0.18523)
 [0.129335,0.152224)
 [0.129271,0.143)
 [0.129173,0.15222)
 [0.12909,0.134932)
 [0.12904,0.159066)
 [0.128996,0.190124)
 [0.128952,0.223347)
 [0.128946,0.179889)
 [0.128837,0.129571)
 [0.128675,0.14627)
 [0.128659,0.212506)
 [0.128598,0.171684)
 [0.128533,0.172341)
 [0.128528,0.16561)
 [0.128444,0.177648)
 [0.128419,0.153339)
 [0.128394,0.169218)
 [0.1282,0.241013)
 [0.128129,0.137735)
 [0.12808,0.174155)
 [0.128028,0.157874)
 [0.127875,0.135777)
 [0.127874,0.215086)
 [0.127843,0.154868)
 [0.127795,0.162065)
 [0.127754,0.176095)
 [0.127754,0.138434)
 [0.127748,0.206719)
 [0.127725,0.162205)
 [0.127602,0.172209)
 [0.127556,0.139203)
 [0.127524,0.190163)
 [0.127459,0.192739)
 [0.127334,0.134549)
 [0.127328,0.141843)
 [0.127162,0.131755)
 [0.127133,0.198813)
 [0.127126,0.138686)
 [0.127123,0.134402)
 [0.127031,0.194935)
 [0.126909,0.167541)
 [0.126892,0.181341)
 [0.126787,0.184859)
 [0.126729,0.128832)
 [0.126679,0.141354)
 [0.126608,0.155956)
 [0.126533,0.237837)
 [0.126476,0.147404)
 [0.126457,0.164025)
 [0.126442,0.153771)
 [0.126417,0.168975)
 [0.1264,0.209022)
 [0.126396,0.128699)
 [0.126378,0.204623)
 [0.126291,0.148792)
 [0.126212,0.187481)
 [0.126165,0.202893)
 [0.125841,0.203985)
 [0.125816,0.218472)
 [0.1258,0.131896)
 [0.125783,0.156548)
 [0.125543,0.17081)
 [0.125529,0.164319)
 [0.125453,0.191552)
 [0.125402,0.147335)
 [0.125399,0.125666)
 [0.125321,0.163804)
 [0.125279,0.148535)
 [0.125157,0.161607)
 [0.125144,0.146507)
 [0.125044,0.158174)
 [0.124997,0.176757)
 [0.124927,0.131716)
 [0.124799,0.191527)
 [0.124752,0.180195)
 [0.124674,0.154073)
 [0.124666,0.143141)
 [0.124594,0.153049)
 [0.124503,0.243653)
 [0.124382,0.128419)
 [0.124369,0.183631)
 [0.124116,0.138785)
 [0.124071,0.133011)
 [0.123869,0.218278)
 [0.123847,0.167433)
 [0.123839,0.133243)
 [0.123744,0.123942)
 [0.123677,0.186339)
 [0.123657,0.144584)
 [0.123626,0.14288)
 [0.123612,0.135697)
 [0.123574,0.124364)
 [0.12353,0.181042)
 [0.123467,0.140669)
 [0.123412,0.190708)
 [0.123341,0.181669)
 [0.123305,0.160934)
 [0.123211,0.187565)
 [0.123189,0.161593)
 [0.12318,0.148388)
 [0.123143,0.143212)
 [0.123107,0.157304)
 [0.123028,0.195495)
 [0.122925,0.136665)
 [0.122874,0.12559)
 [0.122822,0.24353)
 [0.122796,0.171808)
 [0.122675,0.128526)
 [0.122655,0.161204)
 [0.122584,0.234444)
 [0.122546,0.178377)
 [0.122435,0.133082)
 [0.12243,0.217308)
 [0.122423,0.253954)
 [0.122307,0.197771)
 [0.122266,0.172568)
 [0.122225,0.123857)
 [0.122207,0.186135)
 [0.122048,0.141452)
 [0.121963,0.145717)
 [0.121963,0.213663)
 [0.121825,0.141129)
 [0.121749,0.122577)
 [0.121734,0.147291)
 [0.12168,0.191824)
 [0.121601,0.131699)
 [0.121584,0.131996)
 [0.121414,0.149718)
 [0.121358,0.148665)
 [0.121311,0.13399)
 [0.12129,0.137829)
 [0.121268,0.194978)
 [0.121254,0.151118)
 [0.121221,0.133192)
 [0.121212,0.149687)
 [0.121208,0.130995)
 [0.121187,0.134399)
 [0.121122,0.151947)
 [0.121113,0.157116)
 [0.120992,0.165313)
 [0.120882,0.161298)
 [0.120816,0.136693)
 [0.120724,0.158687)
 [0.120586,0.140423)
 [0.120317,0.146931)
 [0.120246,0.122046)
 [0.120243,0.194862)
 [0.120232,0.164963)
 [0.120212,0.128012)
 [0.120107,0.129587)
 [0.120104,0.130984)
 [0.120086,0.122259)
 [0.120068,0.181816)
 [0.12003,0.189695)
 [0.120024,0.155389)
 [0.120023,0.155657)
 [0.119988,0.120968)
 [0.11988,0.122929)
 [0.119839,0.12389)
 [0.119829,0.159924)
 [0.119791,0.153858)
 [0.119751,0.138734)
 [0.119711,0.14317)
 [0.119577,0.18172)
 [0.119459,0.128081)
 [0.119432,0.152919)
 [0.11937,0.213582)
 [0.119364,0.158133)
 [0.11925,0.186199)
 [0.119045,0.215839)
 [0.118989,0.168688)
 [0.118933,0.157005)
 [0.118854,0.137674)
 [0.118552,0.142376)
 [0.118516,0.119395)
 [0.118506,0.141392)
 [0.118479,0.176922)
 [0.118317,0.132996)
 [0.118131,0.182186)
 [0.118029,0.175874)
 [0.11801,0.122033)
 [0.117938,0.161183)
 [0.117862,0.244155)
 [0.117787,0.208307)
 [0.11773,0.1325)
 [0.117633,0.160865)
 [0.117614,0.123324)
 [0.117495,0.121753)
 [0.117491,0.135109)
 [0.117472,0.118964)
 [0.117412,0.151829)
 [0.117396,0.187753)
 [0.117394,0.15364)
 [0.117378,0.123592)
 [0.117378,0.259751)
 [0.117294,0.172868)
 [0.117225,0.120728)
 [0.11716,0.117885)
 [0.117101,0.25581)
 [0.117062,0.135284)
 [0.117021,0.171882)
 [0.116964,0.124644)
 [0.116929,0.118948)
 [0.116928,0.147699)
 [0.116892,0.141184)
 [0.116794,0.148362)
 [0.116575,0.185324)
 [0.116415,0.13787)
 [0.11632,0.159364)
 [0.116291,0.199962)
 [0.116278,0.160398)
 [0.116197,0.148366)
 [0.116124,0.178874)
 [0.116104,0.123153)
 [0.116059,0.148157)
 [0.116044,0.122813)
 [0.116019,0.174811)
 [0.115976,0.11883)
 [0.115926,0.167738)
 [0.115887,0.17305)
 [0.115782,0.119424)
 [0.115704,0.19298)
 [0.115679,0.145791)
 [0.115643,0.136848)
 [0.115521,0.135533)
 [0.115499,0.12937)
 [0.115477,0.253537)
 [0.115414,0.167041)
 [0.115311,0.127162)
 [0.115175,0.135344)
 [0.115098,0.140477)
 [0.11493,0.142434)
 [0.114886,0.152473)
 [0.114883,0.122298)
 [0.114771,0.151865)
 [0.114754,0.121157)
 [0.114677,0.130986)
 [0.114663,0.211098)
 [0.114602,0.195339)
 [0.114523,0.122563)
 [0.114434,0.153307)
 [0.114433,0.17395)
 [0.114402,0.20757)
 [0.114383,0.174168)
 [0.114353,0.132719)
 [0.114296,0.179715)
 [0.114278,0.189338)
 [0.114235,0.140034)
 [0.114026,0.138451)
 [0.114001,0.17402)
 [0.113933,0.23169)
 [0.113927,0.121484)
 [0.113916,0.203569)
 [0.113902,0.115903)
 [0.113895,0.114479)
 [0.113817,0.122731)
 [0.113751,0.140215)
 [0.113669,0.135003)
 [0.11366,0.216986)
 [0.113599,0.145272)
 [0.113588,0.166959)
 [0.113575,0.119598)
 [0.113432,0.123522)
 [0.113427,0.169795)
 [0.11339,0.128584)
 [0.113346,0.132018)
 [0.113289,0.12983)
 [0.113287,0.151767)
 [0.113269,0.133685)
 [0.11325,0.144361)
 [0.113162,0.128785)
 [0.113152,0.132934)
 [0.113078,0.182941)
 [0.112925,0.204357)
 [0.112841,0.18943)
 [0.112775,0.134303)
 [0.11258,0.139592)
 [0.112579,0.140797)
 [0.112577,0.130916)
 [0.112546,0.175722)
 [0.111977,0.130593)
 [0.111939,0.11494)
 [0.111912,0.153717)
 [0.111899,0.133267)
 [0.111846,0.114483)
 [0.11184,0.144627)
 [0.111789,0.195801)
 [0.11174,0.163009)
 [0.111697,0.135865)
 [0.111577,0.157082)
 [0.111538,0.129757)
 [0.111501,0.146571)
 [0.111283,0.163269)
 [0.111247,0.170756)
 [0.111243,0.197298)
 [0.111219,0.193429)
 [0.11118,0.119449)
 [0.111028,0.118753)
 [0.111013,0.122405)
 [0.11099,0.14364)
 [0.110963,0.138088)
 [0.110813,0.129167)
 [0.110664,0.142079)
 [0.110631,0.153461)
 [0.110623,0.113814)
 [0.11061,0.117028)
 [0.110547,0.150778)
 [0.110367,0.147774)
 [0.110154,0.189202)
 [0.110074,0.15277)
 [0.109998,0.119878)
 [0.109907,0.120652)
 [0.1099,0.197024)
 [0.109889,0.180215)
 [0.109763,0.126764)
 [0.109573,0.112366)
 [0.10957,0.120352)
 [0.109479,0.182313)
 [0.10946,0.121835)
 [0.109432,0.129485)
 [0.109376,0.146041)
 [0.109318,0.124526)
 [0.109206,0.121964)
 [0.109136,0.126601)
 [0.109088,0.112866)
 [0.109064,0.142469)
 [0.109062,0.174138)
 [0.109026,0.157805)
 [0.109004,0.193783)
 [0.108981,0.136142)
 [0.10898,0.235647)
 [0.108903,0.119101)
 [0.108779,0.12341)
 [0.108762,0.125959)
 [0.108659,0.117348)
 [0.108623,0.110362)
 [0.108601,0.192231)
 [0.108524,0.114224)
 [0.108406,0.132735)
 [0.108353,0.1113)
 [0.108128,0.13795)
 [0.108083,0.130739)
 [0.108039,0.153937)
 [0.108036,0.111281)
 [0.108004,0.118927)
 [0.107924,0.125794)
 [0.107921,0.111074)
 [0.10785,0.117032)
 [0.107837,0.132467)
 [0.107796,0.134016)
 [0.107725,0.126543)
 [0.107722,0.164324)
 [0.107616,0.143101)
 [0.107612,0.189255)
 [0.107578,0.132231)
 [0.107518,0.190956)
 [0.107499,0.12453)
 [0.107499,0.174883)
 [0.107312,0.120403)
 [0.107304,0.112442)
 [0.107303,0.107971)
 [0.107117,0.128009)
 [0.107087,0.138261)
 [0.107069,0.135122)
 [0.107027,0.122426)
 [0.107003,0.13344)
 [0.106972,0.137276)
 [0.106931,0.264208)
 [0.106918,0.21996)
 [0.106864,0.127688)
 [0.106839,0.11173)
 [0.106805,0.129927)
 [0.106742,0.122216)
 [0.106691,0.132839)
 [0.106621,0.111561)
 [0.106464,0.137112)
 [0.106317,0.151823)
 [0.106268,0.141541)
 [0.106115,0.161298)
 [0.105983,0.125452)
 [0.105814,0.131277)
 [0.105807,0.133426)
 [0.10567,0.114236)
 [0.105626,0.108525)
 [0.10562,0.148391)
 [0.105332,0.142097)
 [0.1053,0.157794)
 [0.105238,0.13445)
 [0.10521,0.138873)
 [0.105189,0.105224)
 [0.10518,0.140443)
 [0.10508,0.132962)
 [0.105035,0.143431)
 [0.105028,0.144576)
 [0.105028,0.121617)
 [0.104935,0.116851)
 [0.104804,0.176632)
 [0.104642,0.13783)
 [0.104572,0.142181)
 [0.104555,0.107455)
 [0.10451,0.11569)
 [0.104485,0.147508)
 [0.104418,0.129593)
 [0.104384,0.179295)
 [0.104383,0.104943)
 [0.104359,0.130328)
 [0.104335,0.159087)
 [0.104331,0.138833)
 [0.104298,0.140429)
 [0.104233,0.128193)
 [0.104187,0.164239)
 [0.103991,0.129413)
 [0.103981,0.111051)
 [0.103922,0.170392)
 [0.103719,0.128442)
 [0.103583,0.113997)
 [0.103221,0.13851)
 [0.103055,0.119209)
 [0.103037,0.118114)
 [0.102895,0.120725)
 [0.10289,0.154818)
 [0.102875,0.144209)
 [0.10285,0.111939)
 [0.102727,0.125859)
 [0.102596,0.125458)
 [0.102574,0.124542)
 [0.10256,0.121761)
 [0.102496,0.117346)
 [0.102421,0.145107)
 [0.102412,0.103118)
 [0.102355,0.14931)
 [0.102283,0.118055)
 [0.102114,0.114106)
 [0.102066,0.171707)
 [0.102053,0.127606)
 [0.102052,0.109469)
 [0.101919,0.145652)
 [0.101694,0.102221)
 [0.101628,0.141384)
 [0.101409,0.128977)
 [0.10136,0.116162)
 [0.101342,0.111444)
 [0.101324,0.146551)
 [0.101183,0.17088)
 [0.101064,0.150428)
 [0.101,0.127367)
 [0.100997,0.116222)
 [0.100819,0.150512)
 [0.100777,0.116478)
 [0.10059,0.133832)
 [0.100463,0.11638)
 [0.100429,0.102501)
 [0.100327,0.125447)
 [0.100209,0.105647)
 [0.100134,0.129981)
 [0.100113,0.124996)
 [0.100092,0.108857)
 [0.0999494,0.182519)
 [0.0997771,0.169513)
 [0.0997548,0.138787)
 [0.0996363,0.100569)
 [0.0993319,0.125894)
 [0.0993046,0.135985)
 [0.0992087,0.128982)
 [0.0991978,0.102847)
 [0.0991609,0.108008)
 [0.0990534,0.111169)
 [0.0988298,0.111616)
 [0.0988023,0.115174)
 [0.0986963,0.127359)
 [0.0986687,0.114355)
 [0.0984419,0.138143)
 [0.0981928,0.146137)
 [0.0981435,0.142073)
 [0.0978798,0.145419)
 [0.0977345,0.102255)
 [0.0976775,0.126867)
 [0.0976205,0.111412)
 [0.0973287,0.155675)
 [0.0972467,0.185543)
 [0.0971102,0.11485)
 [0.0970003,0.104725)
 [0.0968253,0.119678)
 [0.0968137,0.10077)
 [0.0963532,0.111136)
 [0.0962444,0.103963)
 [0.0962229,0.0977334)
 [0.0962051,0.141017)
 [0.0961551,0.0991327)
 [0.0958924,0.105784)
 [0.0958345,0.12129)
 [0.0957821,0.0987786)
 [0.0957705,0.146343)
 [0.0957403,0.102517)
 [0.0955458,0.100208)
 [0.095484,0.150563)
 [0.0953887,0.134934)
 [0.095268,0.112509)
 [0.0952258,0.103393)
 [0.0951468,0.102216)
 [0.0951388,0.103025)
 [0.095025,0.123129)
 [0.0949938,0.106655)
 [0.0949333,0.137604)
 [0.0948337,0.122961)
 [0.0948262,0.107966)
 [0.0947799,0.102323)
 [0.0946778,0.115815)
 [0.094662,0.144417)
 [0.0945887,0.14793)
 [0.0945738,0.122305)
 [0.0945225,0.110596)
 [0.0942966,0.147059)
 [0.0942798,0.135502)
 [0.0942417,0.102553)
 [0.0939225,0.0977443)
 [0.0937401,0.120184)
 [0.0936377,0.103868)
 [0.0936162,0.110977)
 [0.0933546,0.108682)
 [0.0932394,0.130899)
 [0.0932242,0.11494)
 [0.0929255,0.137721)
 [0.0929245,0.092983)
 [0.0927504,0.0980658)
 [0.0927353,0.0982216)
 [0.0926499,0.11766)
 [0.0926243,0.0965325)
 [0.0926049,0.11627)
 [0.0925828,0.159571)
 [0.0925129,0.145542)
 [0.0923414,0.125247)
 [0.0923173,0.0952288)
 [0.0921816,0.0966076)
 [0.0920758,0.107382)
 [0.0920729,0.104391)
 [0.0920305,0.113308)
 [0.0917299,0.11019)
 [0.0916813,0.107163)
 [0.09168,0.0956898)
 [0.0914391,0.115801)
 [0.0914337,0.100487)
 [0.0912841,0.133192)
 [0.0912526,0.126473)
 [0.0911194,0.0916902)
 [0.0910937,0.0930283)
 [0.0909037,0.133198)
 [0.0908606,0.108535)
 [0.0906599,0.114742)
 [0.09051,0.0938956)
 [0.0904241,0.122806)
 [0.0901187,0.115447)
 [0.0899771,0.102186)
 [0.0899566,0.10014)
 [0.0897194,0.133743)
 [0.0895548,0.133821)
 [0.0895305,0.0946203)
 [0.0893763,0.094107)
 [0.0893221,0.119044)
 [0.0892396,0.115087)
 [0.0889582,0.109759)
 [0.0889525,0.0942307)
 [0.0888891,0.109875)
 [0.0884242,0.0918634)
 [0.0883642,0.125024)
 [0.0883329,0.107085)
 [0.088278,0.104172)
 [0.0880234,0.104329)
 [0.0879165,0.0998903)
 [0.0878548,0.10695)
 [0.0877548,0.0985099)
 [0.0874366,0.125468)
 [0.087187,0.0891554)
 [0.0871471,0.104292)
 [0.0871331,0.105114)
 [0.0870177,0.121329)
 [0.0869079,0.106277)
 [0.0867933,0.115448)
 [0.0866851,0.105707)
 [0.0866321,0.0886689)
 [0.0863566,0.114897)
 [0.0863177,0.144901)
 [0.0862997,0.0983096)
 [0.0862618,0.110909)
 [0.0859371,0.127182)
 [0.0855989,0.0925375)
 [0.0854983,0.0921805)
 [0.0854813,0.0958861)
 [0.0854362,0.0888248)
 [0.085376,0.0868335)
 [0.0853527,0.0879221)
 [0.0852398,0.106302)
 [0.085124,0.105378)
 [0.0847006,0.119484)
 [0.08456,0.106447)
 [0.0844537,0.102231)
 [0.0843529,0.0922349)
 [0.0843194,0.116503)
 [0.084268,0.108031)
 [0.0839002,0.100816)
 [0.0832081,0.0854466)
 [0.0831349,0.104431)
 [0.0825021,0.0829221)
 [0.0821269,0.106698)
 [0.0821215,0.0890759)
 [0.0820066,0.0877983)
 [0.0816656,0.0994356)
 [0.0816528,0.0977893)
 [0.0815003,0.0891767)
 [0.0813258,0.0886779)
 [0.0808277,0.0932866)
 [0.0808076,0.0886546)
 [0.080451,0.0969776)
 [0.0802051,0.107846)
 [0.0801866,0.101914)
 [0.0798283,0.0962974)
 [0.078424,0.0804737)
 [0.0783599,0.104686)
 [0.0774569,0.109068)
 [0.0771424,0.104535)
 [0.077083,0.0800164)
 [0.0764554,0.0813395)
 [0.0763855,0.0810955)
 [0.076051,0.0992775)
 [0.0760498,0.0865699)
 [0.0760084,0.0822852)
 [0.0756563,0.0909816)
 [0.0753656,0.0864112)
 [0.0745905,0.082248)
 [0.0741887,0.0777261)
 [0.0733055,0.0913736)
 [0.0729874,0.0910262)
 [0.0724809,0.103063)
 [0.0724371,0.0753302)
 [0.0721165,0.0833956)
 [0.0719872,0.0891385)
 [0.0719061,0.0999558)
 [0.0712078,0.0977054)
 [0.0707255,0.080846)
 [0.0700568,0.0701236)
 [0.0698488,0.0958566)
 [0.0695079,0.0814934)
 [0.0686303,0.0734308)
 [0.0685551,0.0741601)
 [0.0683643,0.0757122)
 [0.0681228,0.0824021)
 [0.067164,0.0700671)
 [0.0663086,0.0707776)
 [0.0651092,0.0663067)
 [0.0650137,0.0814247)
 [0.060948,0.0785207)
 [0.0560593,0.0575052)
persistence intervals in dim 2:
 [1.22212,1.22263)
 [1.2009,1.20552)
 [1.19991,1.2023)
 [1.18046,1.18616)
 [1.17704,1.18082)
 [1.16848,1.17551)
 [1.16696,1.16794)
 [1.163,1.1717)
 [1.16235,1.17081)
 [1.15618,1.17055)
 [1.15443,1.16388)
 [0.720353,1.17055)
 [0.265511,1.43061)
 [0.220963,0.222979)
 [0.194776,0.200498)
 [0.143085,0.145475)
 [0.138402,0.138728)
