point cloud with 1511 points in dimension 3
distance matrix with 1511 points
value range: [0.00287787,4.192]
persistence intervals in dim 0:
 [0,0.00287787)
 [0,0.00399737)
 [0,0.00507862)
 [0,0.00509825)
 [0,0.00571104)
 [0,0.00588417)
 [0,0.00705571)
 [0,0.0071295)
 [0,0.0073639)
 [0,0.00767132)
 [0,0.00802947)
 [0,0.00903495)
 [0,0.009132)
 [0,0.0100781)
 [0,0.0101072)
 [0,0.012173)
 [0,0.0126488)
 [0,0.0136667)
 [0,0.0142567)
 [0,0.0145347)
 [0,0.0151272)
 [0,0.0160271)
 [0,0.0161994)
 [0,0.0170681)
 [0,0.0175622)
 [0,0.0178604)
 [0,0.0179626)
 [0,0.0183398)
 [0,0.0188447)
 [0,0.018907)
 [0,0.0191648)
 [0,0.0195452)
 [0,0.0197235)
 [0,0.0197733)
 [0,0.0198783)
 [0,0.0199049)
 [0,0.0202871)
 [0,0.0202992)
 [0,0.0211844)
 [0,0.0214277)
 [0,0.0228329)
 [0,0.0231888)
 [0,0.0238035)
 [0,0.0242174)
 [0,0.0248115)
 [0,0.0249443)
 [0,0.0258843)
 [0,0.0260619)
 [0,0.0264371)
 [0,0.0264586)
 [0,0.0265822)
 [0,0.0269319)
 [0,0.0270437)
 [0,0.0271528)
 [0,0.0273781)
 [0,0.0275908)
 [0,0.027927)
 [0,0.0283978)
 [0,0.0287184)
 [0,0.0287829)
 [0,0.029048)
 [0,0.030742)
 [0,0.0309849)
 [0,0.0325097)
 [0,0.0329282)
 [0,0.0330221)
 [0,0.0333238)
 [0,0.0334333)
 [0,0.0335259)
 [0,0.0336198)
 [0,0.0339536)
 [0,0.0340704)
 [0,0.0341979)
 [0,0.0346354)
 [0,0.0355798)
 [0,0.0358407)
 [0,0.0360512)
 [0,0.0361373)
 [0,0.0362579)
 [0,0.0364631)
 [0,0.0365849)
 [0,0.0375733)
 [0,0.0375805)
 [0,0.0377934)
 [0,0.0379977)
 [0,0.0383537)
 [0,0.0391232)
 [0,0.0392016)
 [0,0.0394038)
 [0,0.0394143)
 [0,0.0394824)
 [0,0.0395652)
 [0,0.039866)
 [0,0.0400831)
 [0,0.0403746)
 [0,0.0404469)
 [0,0.0407446)
 [0,0.0407553)
 [0,0.0409249)
 [0,0.0415956)
 [0,0.0416487)
 [0,0.0421734)
 [0,0.0424275)
 [0,0.0427078)
 [0,0.0427438)
 [0,0.0429969)
 [0,0.04313)
 [0,0.0438741)
 [0,0.0441193)
 [0,0.0446826)
 [0,0.0448901)
 [0,0.0449852)
 [0,0.0452467)
 [0,0.0453201)
 [0,0.0455135)
 [0,0.0455426)
 [0,0.0456572)
 [0,0.0459507)
 [0,0.047022)
 [0,0.0472613)
 [0,0.0472677)
 [0,0.0473684)
 [0,0.0474616)
 [0,0.0476797)
 [0,0.0478245)
 [0,0.0478307)
 [0,0.047867)
 [0,0.0482572)
 [0,0.0487922)
 [0,0.0490457)
 [0,0.0492058)
 [0,0.0492951)
 [0,0.0498302)
 [0,0.0498711)
 [0,0.0501264)
 [0,0.0505057)
 [0,0.0505661)
 [0,0.0508414)
 [0,0.0511449)
 [0,0.051171)
 [0,0.05121)
 [0,0.0512249)
 [0,0.0512553)
 [0,0.0515328)
 [0,0.0518797)
 [0,0.052063)
 [0,0.0521356)
 [0,0.0526263)
 [0,0.0533805)
 [0,0.053465)
 [0,0.053717)
 [0,0.0537464)
 [0,0.0540566)
 [0,0.0543661)
 [0,0.0545609)
 [0,0.0545683)
 [0,0.0546923)
 [0,0.0548458)
 [0,0.0548998)
 [0,0.0549979)
 [0,0.0550425)
 [0,0.0553843)
 [0,0.0557314)
 [0,0.056375)
 [0,0.05649)
 [0,0.0569376)
 [0,0.0572239)
 [0,0.0573975)
 [0,0.0574353)
 [0,0.0574484)
 [0,0.0581173)
 [0,0.0584911)
 [0,0.0584945)
 [0,0.0586403)
 [0,0.0586662)
 [0,0.0589935)
 [0,0.0594014)
 [0,0.0594314)
 [0,0.0596184)
 [0,0.0597057)
 [0,0.0600109)
 [0,0.0601267)
 [0,0.0602106)
 [0,0.0607392)
 [0,0.0610847)
 [0,0.0611119)
 [0,0.0611497)
 [0,0.0613441)
 [0,0.0613735)
 [0,0.0615941)
 [0,0.0622155)
 [0,0.0625263)
 [0,0.0627549)
 [0,0.0628994)
 [0,0.0629317)
 [0,0.0633981)
 [0,0.0636192)
 [0,0.0637068)
 [0,0.0640768)
 [0,0.0643529)
 [0,0.0643873)
 [0,0.065063)
 [0,0.0650979)
 [0,0.0655662)
 [0,0.0662519)
 [0,0.0662867)
 [0,0.0664128)
 [0,0.0666396)
 [0,0.0667282)
 [0,0.0667887)
 [0,0.0668605)
 [0,0.0675739)
 [0,0.0675971)
 [0,0.0676178)
 [0,0.0676481)
 [0,0.0676559)
 [0,0.0677147)
 [0,0.0678593)
 [0,0.067925)
 [0,0.0679944)
 [0,0.0680057)
 [0,0.068211)
 [0,0.0683414)
 [0,0.0686623)
 [0,0.0688597)
 [0,0.0691636)
 [0,0.0692909)
 [0,0.0696031)
 [0,0.0696113)
 [0,0.0696457)
 [0,0.0700625)
 [0,0.070126)
 [0,0.0703743)
 [0,0.0704281)
 [0,0.0707572)
 [0,0.0709732)
 [0,0.0712821)
 [0,0.071505)
 [0,0.0715857)
 [0,0.0716712)
 [0,0.0717417)
 [0,0.0719598)
 [0,0.0721307)
 [0,0.0726084)
 [0,0.0727467)
 [0,0.0727653)
 [0,0.0728148)
 [0,0.0733058)
 [0,0.0736123)
 [0,0.0737613)
 [0,0.0739295)
 [0,0.0739744)
 [0,0.0739786)
 [0,0.0740508)
 [0,0.0742619)
 [0,0.0742678)
 [0,0.0743072)
 [0,0.0745273)
 [0,0.0747153)
 [0,0.0748677)
 [0,0.0748907)
 [0,0.0753627)
 [0,0.075451)
 [0,0.075649)
 [0,0.0757319)
 [0,0.0757747)
 [0,0.0761913)
 [0,0.076226)
 [0,0.076227)
 [0,0.0764759)
 [0,0.0765878)
 [0,0.0768986)
 [0,0.0770194)
 [0,0.0770304)
 [0,0.0772756)
 [0,0.0776611)
 [0,0.0778453)
 [0,0.0786426)
 [0,0.0787261)
 [0,0.0788893)
 [0,0.0791739)
 [0,0.0792597)
 [0,0.0794084)
 [0,0.0795007)
 [0,0.0796813)
 [0,0.0797393)
 [0,0.0798893)
 [0,0.0800317)
 [0,0.0804217)
 [0,0.0806055)
 [0,0.0807133)
 [0,0.0807805)
 [0,0.0808187)
 [0,0.0808482)
 [0,0.0810835)
 [0,0.0812193)
 [0,0.0812556)
 [0,0.0813322)
 [0,0.0813354)
 [0,0.0817595)
 [0,0.0822408)
 [0,0.0825577)
 [0,0.0827437)
 [0,0.0836353)
 [0,0.0837291)
 [0,0.0840641)
 [0,0.0840959)
 [0,0.084177)
 [0,0.0841787)
 [0,0.0842191)
 [0,0.0842954)
 [0,0.0843447)
 [0,0.0844259)
 [0,0.0845231)
 [0,0.0845779)
 [0,0.0846321)
 [0,0.0846661)
 [0,0.0847378)
 [0,0.0849965)
 [0,0.0850682)
 [0,0.0853665)
 [0,0.0853937)
 [0,0.0855092)
 [0,0.0855991)
 [0,0.0856811)
 [0,0.0857047)
 [0,0.085807)
 [0,0.0859309)
 [0,0.0860005)
 [0,0.0860528)
 [0,0.0861029)
 [0,0.0861061)
 [0,0.0862024)
 [0,0.0862615)
 [0,0.0863843)
 [0,0.0863886)
 [0,0.086777)
 [0,0.0868428)
 [0,0.086882)
 [0,0.086994)
 [0,0.0870234)
 [0,0.0870247)
 [0,0.0872418)
 [0,0.0877576)
 [0,0.0877656)
 [0,0.0880412)
 [0,0.0880859)
 [0,0.0882023)
 [0,0.0882227)
 [0,0.0882292)
 [0,0.0882791)
 [0,0.088289)
 [0,0.0884488)
 [0,0.0886302)
 [0,0.0886657)
 [0,0.0887168)
 [0,0.0888466)
 [0,0.0888616)
 [0,0.0888717)
 [0,0.0891448)
 [0,0.0892432)
 [0,0.0894745)
 [0,0.0895375)
 [0,0.0895883)
 [0,0.0896372)
 [0,0.0898811)
 [0,0.0902446)
 [0,0.0902597)
 [0,0.090374)
 [0,0.0904689)
 [0,0.0905693)
 [0,0.0905911)
 [0,0.0908434)
 [0,0.0912432)
 [0,0.0914594)
 [0,0.0916351)
 [0,0.0917231)
 [0,0.0918181)
 [0,0.0918795)
 [0,0.092191)
 [0,0.0921939)
 [0,0.0923359)
 [0,0.0924742)
 [0,0.093008)
 [0,0.0930368)
 [0,0.0934948)
 [0,0.0936481)
 [0,0.0937318)
 [0,0.0937997)
 [0,0.0938304)
 [0,0.0941612)
 [0,0.0945041)
 [0,0.0945625)
 [0,0.0946564)
 [0,0.0947555)
 [0,0.0948584)
 [0,0.094884)
 [0,0.0949211)
 [0,0.0952696)
 [0,0.0952763)
 [0,0.0954308)
 [0,0.0954445)
 [0,0.0955178)
 [0,0.0957572)
 [0,0.0962914)
 [0,0.096525)
 [0,0.0966028)
 [0,0.0966097)
 [0,0.096707)
 [0,0.0968894)
 [0,0.0969165)
 [0,0.0969929)
 [0,0.0970992)
 [0,0.0971037)
 [0,0.0971039)
 [0,0.0971222)
 [0,0.0971358)
 [0,0.0971407)
 [0,0.0972852)
 [0,0.0977149)
 [0,0.0977518)
 [0,0.0978706)
 [0,0.0979426)
 [0,0.0980287)
 [0,0.0980706)
 [0,0.098161)
 [0,0.0982012)
 [0,0.0984538)
 [0,0.0985976)
 [0,0.0986547)
 [0,0.0987575)
 [0,0.0992718)
 [0,0.0993201)
 [0,0.0994877)
 [0,0.0995406)
 [0,0.099699)
 [0,0.0999826)
 [0,0.100032)
 [0,0.100053)
 [0,0.100156)
 [0,0.100345)
 [0,0.100575)
 [0,0.100781)
 [0,0.100806)
 [0,0.100863)
 [0,0.100899)
 [0,0.100949)
 [0,0.101062)
 [0,0.101158)
 [0,0.101179)
 [0,0.101188)
 [0,0.101281)
 [0,0.101301)
 [0,0.101436)
 [0,0.10144)
 [0,0.101823)
 [0,0.102373)
 [0,0.102458)
 [0,0.102521)
 [0,0.102566)
 [0,0.102784)
 [0,0.102785)
 [0,0.102866)
 [0,0.102889)
 [0,0.103044)
 [0,0.103146)
 [0,0.103675)
 [0,0.104025)
 [0,0.104118)
 [0,0.10413)
 [0,0.104257)
 [0,0.10431)
 [0,0.104346)
 [0,0.104483)
 [0,0.104553)
 [0,0.104594)
 [0,0.104683)
 [0,0.104988)
 [0,0.105132)
 [0,0.105252)
 [0,0.105266)
 [0,0.10596)
 [0,0.10596)
 [0,0.106265)
 [0,0.106377)
 [0,0.106537)
 [0,0.106699)
 [0,0.107003)
 [0,0.107177)
 [0,0.107458)
 [0,0.107619)
 [0,0.10766)
 [0,0.107862)
 [0,0.108126)
 [0,0.108138)
 [0,0.108242)
 [0,0.10833)
 [0,0.108418)
 [0,0.108447)
 [0,0.108475)
 [0,0.108525)
 [0,0.108589)
 [0,0.108754)
 [0,0.109067)
 [0,0.10907)
 [0,0.109132)
 [0,0.109179)
 [0,0.109226)
 [0,0.109645)
 [0,0.110022)
 [0,0.110027)
 [0,0.110169)
 [0,0.110394)
 [0,0.110421)
 [0,0.110453)
 [0,0.110465)
 [0,0.110797)
 [0,0.111027)
 [0,0.111091)
 [0,0.111178)
 [0,0.111236)
 [0,0.111279)
 [0,0.111402)
 [0,0.111413)
 [0,0.111461)
 [0,0.111747)
 [0,0.111939)
 [0,0.111941)
 [0,0.112402)
 [0,0.112575)
 [0,0.112607)
 [0,0.112683)
 [0,0.112789)
 [0,0.112813)
 [0,0.112971)
 [0,0.112973)
 [0,0.113037)
 [0,0.113069)
 [0,0.11345)
 [0,0.113496)
 [0,0.113529)
 [0,0.113537)
 [0,0.113597)
 [0,0.113645)
 [0,0.113768)
 [0,0.113823)
 [0,0.113931)
 [0,0.113941)
 [0,0.113983)
 [0,0.114094)
 [0,0.114177)
 [0,0.114279)
 [0,0.114537)
 [0,0.114784)
 [0,0.115136)
 [0,0.115202)
 [0,0.115228)
 [0,0.115233)
 [0,0.115331)
 [0,0.115388)
 [0,0.11539)
 [0,0.115522)
 [0,0.11556)
 [0,0.115601)
 [0,0.11575)
 [0,0.115773)
 [0,0.116012)
 [0,0.11604)
 [0,0.116044)
 [0,0.116182)
 [0,0.116219)
 [0,0.116441)
 [0,0.116931)
 [0,0.117027)
 [0,0.117113)
 [0,0.117296)
 [0,0.117666)
 [0,0.11767)
 [0,0.117694)
 [0,0.117711)
 [0,0.117713)
 [0,0.117946)
 [0,0.117949)
 [0,0.118052)
 [0,0.118076)
 [0,0.1181)
 [0,0.118104)
 [0,0.118107)
 [0,0.118236)
 [0,0.118244)
 [0,0.118293)
 [0,0.118319)
 [0,0.118328)
 [0,0.118399)
 [0,0.118467)
 [0,0.11848)
 [0,0.11859)
 [0,0.118607)
 [0,0.118717)
 [0,0.118732)
 [0,0.118736)
 [0,0.118757)
 [0,0.118851)
 [0,0.118855)
 [0,0.118984)
 [0,0.118985)
 [0,0.119021)
 [0,0.119024)
 [0,0.119109)
 [0,0.119237)
 [0,0.119296)
 [0,0.119327)
 [0,0.119405)
 [0,0.119432)
 [0,0.119692)
 [0,0.119736)
 [0,0.11979)
 [0,0.119799)
 [0,0.119807)
 [0,0.119896)
 [0,0.12)
 [0,0.120001)
 [0,0.120013)
 [0,0.120034)
 [0,0.12007)
 [0,0.120116)
 [0,0.120172)
 [0,0.120217)
 [0,0.120241)
 [0,0.120273)
 [0,0.120284)
 [0,0.120328)
 [0,0.120358)
 [0,0.120359)
 [0,0.12045)
 [0,0.120472)
 [0,0.120615)
 [0,0.120657)
 [0,0.120688)
 [0,0.120712)
 [0,0.120738)
 [0,0.120749)
 [0,0.120776)
 [0,0.120821)
 [0,0.120909)
 [0,0.121056)
 [0,0.121208)
 [0,0.121302)
 [0,0.121338)
 [0,0.121377)
 [0,0.121384)
 [0,0.121393)
 [0,0.121532)
 [0,0.121559)
 [0,0.121559)
 [0,0.121644)
 [0,0.121688)
 [0,0.121759)
 [0,0.121891)
 [0,0.122004)
 [0,0.122032)
 [0,0.122035)
 [0,0.122054)
 [0,0.122071)
 [0,0.122137)
 [0,0.12218)
 [0,0.122225)
 [0,0.12223)
 [0,0.122361)
 [0,0.122364)
 [0,0.122573)
 [0,0.122626)
 [0,0.122681)
 [0,0.122761)
 [0,0.122807)
 [0,0.122936)
 [0,0.123073)
 [0,0.123159)
 [0,0.123161)
 [0,0.123221)
 [0,0.123338)
 [0,0.123365)
 [0,0.123385)
 [0,0.123413)
 [0,0.123431)
 [0,0.12351)
 [0,0.123512)
 [0,0.123518)
 [0,0.123553)
 [0,0.123576)
 [0,0.12382)
 [0,0.123935)
 [0,0.12394)
 [0,0.123951)
 [0,0.12398)
 [0,0.124019)
 [0,0.124044)
 [0,0.124053)
 [0,0.12422)
 [0,0.124267)
 [0,0.124286)
 [0,0.124291)
 [0,0.124312)
 [0,0.124324)
 [0,0.124359)
 [0,0.124382)
 [0,0.124445)
 [0,0.124458)
 [0,0.124519)
 [0,0.124604)
 [0,0.124769)
 [0,0.124773)
 [0,0.124799)
 [0,0.124815)
 [0,0.124828)
 [0,0.12484)
 [0,0.124869)
 [0,0.124916)
 [0,0.124925)
 [0,0.124958)
 [0,0.12504)
 [0,0.125336)
 [0,0.125394)
 [0,0.125399)
 [0,0.125439)
 [0,0.12546)
 [0,0.125481)
 [0,0.12552)
 [0,0.125606)
 [0,0.125727)
 [0,0.125794)
 [0,0.125831)
 [0,0.125839)
 [0,0.125858)
 [0,0.12596)
 [0,0.125968)
 [0,0.126001)
 [0,0.126004)
 [0,0.126029)
 [0,0.126034)
 [0,0.126078)
 [0,0.126109)
 [0,0.126122)
 [0,0.126133)
 [0,0.126183)
 [0,0.126203)
 [0,0.126215)
 [0,0.12624)
 [0,0.12626)
 [0,0.12629)
 [0,0.126293)
 [0,0.126303)
 [0,0.126338)
 [0,0.126338)
 [0,0.126379)
 [0,0.126393)
 [0,0.126426)
 [0,0.126485)
 [0,0.126489)
 [0,0.126511)
 [0,0.126526)
 [0,0.126539)
 [0,0.126549)
 [0,0.126624)
 [0,0.126776)
 [0,0.126788)
 [0,0.126805)
 [0,0.126817)
 [0,0.12689)
 [0,0.127081)
 [0,0.127087)
 [0,0.127144)
 [0,0.127234)
 [0,0.12727)
 [0,0.127291)
 [0,0.127392)
 [0,0.127429)
 [0,0.127432)
 [0,0.12746)
 [0,0.127516)
 [0,0.127593)
 [0,0.127614)
 [0,0.127626)
 [0,0.127649)
 [0,0.127838)
 [0,0.12784)
 [0,0.127842)
 [0,0.127861)
 [0,0.127909)
 [0,0.128081)
 [0,0.128115)
 [0,0.128141)
 [0,0.128185)
 [0,0.128211)
 [0,0.128212)
 [0,0.128239)
 [0,0.128253)
 [0,0.128273)
 [0,0.128278)
 [0,0.128297)
 [0,0.128299)
 [0,0.128329)
 [0,0.128453)
 [0,0.128531)
 [0,0.128534)
 [0,0.128562)
 [0,0.128612)
 [0,0.128617)
 [0,0.128696)
 [0,0.128728)
 [0,0.128767)
 [0,0.128789)
 [0,0.128789)
 [0,0.128819)
 [0,0.128928)
 [0,0.128958)
 [0,0.128974)
 [0,0.128983)
 [0,0.128997)
 [0,0.129006)
 [0,0.12901)
 [0,0.129141)
 [0,0.129216)
 [0,0.129217)
 [0,0.12923)
 [0,0.129247)
 [0,0.129279)
 [0,0.129297)
 [0,0.129422)
 [0,0.129423)
 [0,0.129512)
 [0,0.1296)
 [0,0.129628)
 [0,0.129652)
 [0,0.129678)
 [0,0.129689)
 [0,0.129737)
 [0,0.12977)
 [0,0.129804)
 [0,0.129843)
 [0,0.129945)
 [0,0.129983)
 [0,0.129987)
 [0,0.130077)
 [0,0.130141)
 [0,0.130147)
 [0,0.130231)
 [0,0.130235)
 [0,0.130282)
 [0,0.130314)
 [0,0.13034)
 [0,0.130413)
 [0,0.130434)
 [0,0.130491)
 [0,0.1305)
 [0,0.1306)
 [0,0.130612)
 [0,0.130613)
 [0,0.130635)
 [0,0.130664)
 [0,0.130764)
 [0,0.130797)
 [0,0.130802)
 [0,0.130963)
 [0,0.130968)
 [0,0.130972)
 [0,0.131092)
 [0,0.131104)
 [0,0.131105)
 [0,0.131107)
 [0,0.131122)
 [0,0.131263)
 [0,0.131283)
 [0,0.131352)
 [0,0.131374)
 [0,0.131376)
 [0,0.131407)
 [0,0.13148)
 [0,0.131501)
 [0,0.13154)
 [0,0.131578)
 [0,0.131667)
 [0,0.131672)
 [0,0.131672)
 [0,0.131762)
 [0,0.131807)
 [0,0.131842)
 [0,0.132102)
 [0,0.132121)
 [0,0.132154)
 [0,0.132161)
 [0,0.132176)
 [0,0.132211)
 [0,0.132213)
 [0,0.132278)
 [0,0.132322)
 [0,0.132378)
 [0,0.132391)
 [0,0.132391)
 [0,0.132457)
 [0,0.132503)
 [0,0.132516)
 [0,0.132538)
 [0,0.132538)
 [0,0.132592)
 [0,0.132613)
 [0,0.132657)
 [0,0.132718)
 [0,0.132725)
 [0,0.132869)
 [0,0.13287)
 [0,0.13287)
 [0,0.132872)
 [0,0.132881)
 [0,0.132934)
 [0,0.132996)
 [0,0.133003)
 [0,0.133082)
 [0,0.133098)
 [0,0.133099)
 [0,0.133116)
 [0,0.133131)
 [0,0.133154)
 [0,0.133183)
 [0,0.133194)
 [0,0.133212)
 [0,0.133231)
 [0,0.133263)
 [0,0.133268)
 [0,0.133331)
 [0,0.13343)
 [0,0.13366)
 [0,0.13366)
 [0,0.133716)
 [0,0.133798)
 [0,0.133813)
 [0,0.133816)
 [0,0.133897)
 [0,0.13397)
 [0,0.133989)
 [0,0.134006)
 [0,0.134012)
 [0,0.134037)
 [0,0.134055)
 [0,0.134056)
 [0,0.134059)
 [0,0.134069)
 [0,0.134118)
 [0,0.134122)
 [0,0.134153)
 [0,0.134154)
 [0,0.134157)
 [0,0.134166)
 [0,0.134196)
 [0,0.134213)
 [0,0.134217)
 [0,0.134485)
 [0,0.134506)
 [0,0.134577)
 [0,0.134594)
 [0,0.134639)
 [0,0.13468)
 [0,0.134802)
 [0,0.134863)
 [0,0.134981)
 [0,0.135125)
 [0,0.135158)
 [0,0.135236)
 [0,0.135283)
 [0,0.135372)
 [0,0.135472)
 [0,0.135504)
 [0,0.135542)
 [0,0.135542)
 [0,0.135547)
 [0,0.135571)
 [0,0.135599)
 [0,0.135617)
 [0,0.135622)
 [0,0.135746)
 [0,0.135876)
 [0,0.135921)
 [0,0.135923)
 [0,0.135949)
 [0,0.135982)
 [0,0.135987)
 [0,0.136001)
 [0,0.13601)
 [0,0.136015)
 [0,0.136051)
 [0,0.136129)
 [0,0.136192)
 [0,0.136207)
 [0,0.136244)
 [0,0.136253)
 [0,0.13629)
 [0,0.136291)
 [0,0.136388)
 [0,0.136393)
 [0,0.136404)
 [0,0.136408)
 [0,0.136415)
 [0,0.136417)
 [0,0.136419)
 [0,0.136456)
 [0,0.136497)
 [0,0.136531)
 [0,0.136558)
 [0,0.136611)
 [0,0.136679)
 [0,0.13669)
 [0,0.136696)
 [0,0.136719)
 [0,0.136738)
 [0,0.136757)
 [0,0.136835)
 [0,0.136849)
 [0,0.136947)
 [0,0.13695)
 [0,0.136991)
 [0,0.136997)
 [0,0.137116)
 [0,0.137196)
 [0,0.137254)
 [0,0.137324)
 [0,0.137327)
 [0,0.137394)
 [0,0.137512)
 [0,0.137544)
 [0,0.13757)
 [0,0.137626)
 [0,0.137739)
 [0,0.137774)
 [0,0.137796)
 [0,0.137808)
 [0,0.137815)
 [0,0.137874)
 [0,0.137908)
 [0,0.13791)
 [0,0.137977)
 [0,0.13798)
 [0,0.137987)
 [0,0.138002)
 [0,0.13805)
 [0,0.138067)
 [0,0.138078)
 [0,0.138171)
 [0,0.138175)
 [0,0.138205)
 [0,0.138216)
 [0,0.138261)
 [0,0.138314)
 [0,0.138448)
 [0,0.13875)
 [0,0.138776)
 [0,0.13878)
 [0,0.138804)
 [0,0.138837)
 [0,0.138876)
 [0,0.138879)
 [0,0.138924)
 [0,0.138928)
 [0,0.138937)
 [0,0.139107)
 [0,0.139162)
 [0,0.139195)
 [0,0.139197)
 [0,0.139373)
 [0,0.139448)
 [0,0.139452)
 [0,0.139536)
 [0,0.139541)
 [0,0.139652)
 [0,0.139671)
 [0,0.139691)
 [0,0.139694)
 [0,0.139773)
 [0,0.139803)
 [0,0.139875)
 [0,0.139878)
 [0,0.139912)
 [0,0.140022)
 [0,0.140035)
 [0,0.14012)
 [0,0.140124)
 [0,0.140172)
 [0,0.140198)
 [0,0.140207)
 [0,0.140208)
 [0,0.140216)
 [0,0.140244)
 [0,0.140257)
 [0,0.140262)
 [0,0.140269)
 [0,0.140289)
 [0,0.140341)
 [0,0.140398)
 [0,0.140458)
 [0,0.140494)
 [0,0.140566)
 [0,0.140642)
 [0,0.140711)
 [0,0.14075)
 [0,0.140823)
 [0,0.140857)
 [0,0.140887)
 [0,0.140919)
 [0,0.14096)
 [0,0.140965)
 [0,0.140983)
 [0,0.141003)
 [0,0.141014)
 [0,0.141029)
 [0,0.14106)
 [0,0.141068)
 [0,0.141101)
 [0,0.141102)
 [0,0.141129)
 [0,0.141149)
 [0,0.141166)
 [0,0.141236)
 [0,0.141253)
 [0,0.14128)
 [0,0.141286)
 [0,0.141317)
 [0,0.141356)
 [0,0.141405)
 [0,0.141421)
 [0,0.141505)
 [0,0.141507)
 [0,0.141522)
 [0,0.141588)
 [0,0.141663)
 [0,0.141773)
 [0,0.141802)
 [0,0.141955)
 [0,0.142)
 [0,0.142001)
 [0,0.142013)
 [0,0.142165)
 [0,0.142192)
 [0,0.142354)
 [0,0.142355)
 [0,0.142357)
 [0,0.142358)
 [0,0.142359)
 [0,0.14237)
 [0,0.142472)
 [0,0.142487)
 [0,0.142545)
 [0,0.142595)
 [0,0.142605)
 [0,0.142607)
 [0,0.142687)
 [0,0.142689)
 [0,0.142861)
 [0,0.142866)
 [0,0.142868)
 [0,0.142871)
 [0,0.142898)
 [0,0.142937)
 [0,0.142942)
 [0,0.142999)
 [0,0.142999)
 [0,0.143029)
 [0,0.143051)
 [0,0.143087)
 [0,0.143116)
 [0,0.143172)
 [0,0.143237)
 [0,0.143256)
 [0,0.14326)
 [0,0.143275)
 [0,0.143439)
 [0,0.143459)
 [0,0.14347)
 [0,0.143565)
 [0,0.143637)
 [0,0.143638)
 [0,0.143673)
 [0,0.143746)
 [0,0.143767)
 [0,0.143862)
 [0,0.144015)
 [0,0.144032)
 [0,0.144034)
 [0,0.144064)
 [0,0.144088)
 [0,0.144097)
 [0,0.144148)
 [0,0.144164)
 [0,0.144204)
 [0,0.144218)
 [0,0.144251)
 [0,0.144255)
 [0,0.144309)
 [0,0.144328)
 [0,0.144335)
 [0,0.144343)
 [0,0.144421)
 [0,0.144469)
 [0,0.144579)
 [0,0.144763)
 [0,0.144809)
 [0,0.144825)
 [0,0.144854)
 [0,0.14486)
 [0,0.144866)
 [0,0.144887)
 [0,0.144968)
 [0,0.145025)
 [0,0.145043)
 [0,0.145216)
 [0,0.145218)
 [0,0.145381)
 [0,0.145451)
 [0,0.145452)
 [0,0.14547)
 [0,0.145484)
 [0,0.145521)
 [0,0.145616)
 [0,0.14563)
 [0,0.145645)
 [0,0.145739)
 [0,0.145783)
 [0,0.145784)
 [0,0.145796)
 [0,0.145805)
 [0,0.145848)
 [0,0.145949)
 [0,0.145971)
 [0,0.146089)
 [0,0.146103)
 [0,0.146109)
 [0,0.146137)
 [0,0.146152)
 [0,0.146169)
 [0,0.146193)
 [0,0.146229)
 [0,0.146292)
 [0,0.1463)
 [0,0.146303)
 [0,0.146422)
 [0,0.14653)
 [0,0.146587)
 [0,0.146631)
 [0,0.146658)
 [0,0.14674)
 [0,0.146753)
 [0,0.146774)
 [0,0.146791)
 [0,0.146859)
 [0,0.146917)
 [0,0.146956)
 [0,0.146979)
 [0,0.147003)
 [0,0.147004)
 [0,0.147005)
 [0,0.147009)
 [0,0.147014)
 [0,0.147112)
 [0,0.147133)
 [0,0.147245)
 [0,0.147247)
 [0,0.147277)
 [0,0.147485)
 [0,0.147798)
 [0,0.14787)
 [0,0.147911)
 [0,0.147935)
 [0,0.147993)
 [0,0.148019)
 [0,0.148089)
 [0,0.14809)
 [0,0.148128)
 [0,0.148212)
 [0,0.148233)
 [0,0.148234)
 [0,0.148283)
 [0,0.148327)
 [0,0.148404)
 [0,0.148476)
 [0,0.148535)
 [0,0.148787)
 [0,0.148842)
 [0,0.148885)
 [0,0.148904)
 [0,0.14894)
 [0,0.148983)
 [0,0.149008)
 [0,0.149022)
 [0,0.149041)
 [0,0.149061)
 [0,0.149178)
 [0,0.149236)
 [0,0.149295)
 [0,0.149341)
 [0,0.149594)
 [0,0.14964)
 [0,0.149779)
 [0,0.14994)
 [0,0.150018)
 [0,0.150036)
 [0,0.150112)
 [0,0.150197)
 [0,0.150259)
 [0,0.150301)
 [0,0.150309)
 [0,0.150341)
 [0,0.150385)
 [0,0.150422)
 [0,0.150559)
 [0,0.150573)
 [0,0.150587)
 [0,0.15065)
 [0,0.150707)
 [0,0.150751)
 [0,0.15077)
 [0,0.150796)
 [0,0.150904)
 [0,0.150937)
 [0,0.151028)
 [0,0.151039)
 [0,0.151124)
 [0,0.151192)
 [0,0.151296)
 [0,0.151493)
 [0,0.151599)
 [0,0.151632)
 [0,0.151687)
 [0,0.151691)
 [0,0.151704)
 [0,0.151774)
 [0,0.15181)
 [0,0.151936)
 [0,0.152086)
 [0,0.1521)
 [0,0.152114)
 [0,0.152232)
 [0,0.152426)
 [0,0.152441)
 [0,0.152443)
 [0,0.15264)
 [0,0.152648)
 [0,0.152704)
 [0,0.152834)
 [0,0.152875)
 [0,0.15301)
 [0,0.153037)
 [0,0.153042)
 [0,0.153111)
 [0,0.153132)
 [0,0.153184)
 [0,0.153268)
 [0,0.153457)
 [0,0.153547)
 [0,0.153569)
 [0,0.153574)
 [0,0.153584)
 [0,0.1536)
 [0,0.153619)
 [0,0.153628)
 [0,0.153675)
 [0,0.153838)
 [0,0.153843)
 [0,0.15404)
 [0,0.15408)
 [0,0.154085)
 [0,0.154089)
 [0,0.154124)
 [0,0.154134)
 [0,0.15417)
 [0,0.154286)
 [0,0.154315)
 [0,0.154384)
 [0,0.154531)
 [0,0.154606)
 [0,0.154693)
 [0,0.154803)
 [0,0.154891)
 [0,0.154902)
 [0,0.155052)
 [0,0.155056)
 [0,0.155191)
 [0,0.155316)
 [0,0.155506)
 [0,0.155507)
 [0,0.155552)
 [0,0.155677)
 [0,0.155901)
 [0,0.156019)
 [0,0.156199)
 [0,0.156202)
 [0,0.156255)
 [0,0.156517)
 [0,0.15659)
 [0,0.156596)
 [0,0.156641)
 [0,0.156652)
 [0,0.156668)
 [0,0.15672)
 [0,0.156748)
 [0,0.156782)
 [0,0.156815)
 [0,0.156824)
 [0,0.156898)
 [0,0.156955)
 [0,0.157042)
 [0,0.157139)
 [0,0.157323)
 [0,0.157341)
 [0,0.15743)
 [0,0.157519)
 [0,0.157781)
 [0,0.158014)
 [0,0.158134)
 [0,0.158363)
 [0,0.158606)
 [0,0.158832)
 [0,0.15884)
 [0,0.158957)
 [0,0.158974)
 [0,0.159142)
 [0,0.159437)
 [0,0.159579)
 [0,0.159669)
 [0,0.159997)
 [0,0.160298)
 [0,0.160423)
 [0,0.160728)
 [0,0.160835)
 [0,0.161125)
 [0,0.161178)
 [0,0.161338)
 [0,0.1615)
 [0,0.161522)
 [0,0.161727)
 [0,0.161727)
 [0,0.162101)
 [0,0.162212)
 [0,0.162236)
 [0,0.162254)
 [0,0.162345)
 [0,0.162365)
 [0,0.162545)
 [0,0.162688)
 [0,0.162731)
 [0,0.162798)
 [0,0.163031)
 [0,0.163095)
 [0,0.163101)
 [0,0.163174)
 [0,0.163469)
 [0,0.163894)
 [0,0.16408)
 [0,0.164097)
 [0,0.164363)
 [0,0.164523)
 [0,0.164792)
 [0,0.1649)
 [0,0.164956)
 [0,0.165127)
 [0,0.165312)
 [0,0.16537)
 [0,0.165442)
 [0,0.165508)
 [0,0.16584)
 [0,0.166164)
 [0,0.166299)
 [0,0.166306)
 [0,0.166687)
 [0,0.167604)
 [0,0.167963)
 [0,0.168161)
 [0,0.16819)
 [0,0.168259)
 [0,0.168819)
 [0,0.168922)
 [0,0.168932)
 [0,0.169286)
 [0,0.169691)
 [0,0.171225)
 [0,0.171696)
 [0,0.171739)
 [0,0.171772)
 [0,0.171813)
 [0,0.172005)
 [0,0.172256)
 [0,0.172486)
 [0,0.173643)
 [0,0.173937)
 [0,0.174105)
 [0,0.17534)
 [0,0.176073)
 [0,0.176367)
 [0,0.17717)
 [0,0.177307)
 [0,0.17746)
 [0,0.177493)
 [0,0.177827)
 [0,0.17784)
 [0,0.178231)
 [0,0.181802)
 [0,0.183203)
 [0,0.186481)
 [0,0.187573)
 [0,0.190126)
 [0,0.192416)
 [0,0.193624)
 [0,0.209135)
 [0, )
persistence intervals in dim 1:
 [0.718779,0.729958)
 [0.712372,0.721765)
 [0.262985,0.263754)
 [0.260051,0.262834)
 [0.25466,0.2589)
 [0.234646,0.240777)
 [0.231883,0.244996)
 [0.22888,0.231521)
 [0.228231,0.255519)
 [0.228151,0.253071)
 [0.227653,0.266161)
 [0.227082,0.248335)
 [0.225418,0.226751)
 [0.224272,0.232014)
 [0.224104,0.229697)
 [0.223369,0.224116)
 [0.223072,0.228948)
 [0.22264,0.233459)
 [0.222129,0.228974)
 [0.221461,0.226313)
 [0.22143,0.280761)
 [0.220885,0.252398)
 [0.220546,0.245312)
 [0.219754,0.228874)
 [0.218614,0.235676)
 [0.218365,0.245474)
 [0.218057,0.237855)
 [0.216073,0.238629)
 [0.215911,0.238198)
 [0.215544,0.247156)
 [0.215046,0.21915)
 [0.214775,0.223442)
 [0.213714,0.219993)
 [0.213434,0.213923)
 [0.212564,0.250911)
 [0.212232,0.215506)
 [0.212072,0.253228)
 [0.212064,0.253788)
 [0.211687,0.252605)
 [0.211021,0.223328)
 [0.210739,0.254009)
 [0.210114,0.21629)
 [0.209389,0.214728)
 [0.208838,0.230229)
 [0.208747,0.209375)
 [0.208523,0.26041)
 [0.208345,0.225955)
 [0.207889,0.222795)
 [0.207217,0.225071)
 [0.206791,0.212431)
 [0.206697,0.215262)
 [0.206695,0.225554)
 [0.206194,0.22957)
 [0.205925,0.208581)
 [0.205569,0.226891)
 [0.204975,0.209187)
 [0.204699,0.223626)
 [0.20463,0.254643)
 [0.204565,0.248428)
 [0.204426,0.211079)
 [0.204367,0.218467)
 [0.204158,0.224787)
 [0.203786,0.213775)
 [0.203725,0.224483)
 [0.203459,0.236464)
 [0.203453,0.216353)
 [0.203442,0.211667)
 [0.203342,0.21516)
 [0.202624,0.204689)
 [0.202612,0.202982)
 [0.202235,0.221689)
 [0.201954,0.205746)
 [0.201784,0.205572)
 [0.201152,0.242169)
 [0.2011,0.231357)
 [0.200972,0.202537)
 [0.200937,0.215166)
 [0.200788,0.227112)
 [0.20033,0.201926)
 [0.200304,0.223589)
 [0.200031,0.230988)
 [0.200029,0.242431)
 [0.199859,0.20755)
 [0.199278,0.248127)
 [0.19911,0.207171)
 [0.198385,0.21519)
 [0.198209,0.212632)
 [0.198001,0.23425)
 [0.197869,0.198813)
 [0.197609,0.234146)
 [0.197526,0.217897)
 [0.196928,0.206721)
 [0.196576,0.250428)
 [0.196564,0.201315)
 [0.196417,0.236086)
 [0.196154,0.239752)
 [0.196051,0.201963)
 [0.195947,0.226782)
 [0.195768,0.216564)
 [0.195694,0.20899)
 [0.195692,0.22679)
 [0.195538,0.218225)
 [0.195336,0.208699)
 [0.195297,0.23675)
 [0.194962,0.19883)
 [0.194934,0.203121)
 [0.19402,0.247785)
 [0.193934,0.207822)
 [0.193827,0.217061)
 [0.193811,0.225763)
 [0.193697,0.226447)
 [0.193657,0.23595)
 [0.193179,0.210448)
 [0.192905,0.198768)
 [0.192619,0.228699)
 [0.19251,0.217126)
 [0.192494,0.235714)
 [0.191992,0.212791)
 [0.191971,0.213046)
 [0.191962,0.222563)
 [0.19193,0.211103)
 [0.19182,0.257569)
 [0.191547,0.222067)
 [0.191217,0.223228)
 [0.191052,0.245277)
 [0.190827,0.220878)
 [0.190722,0.237942)
 [0.190691,0.203381)
 [0.190368,0.226878)
 [0.190151,0.224437)
 [0.19012,0.222126)
 [0.190119,0.244817)
 [0.190031,0.198946)
 [0.190024,0.197293)
 [0.189969,0.19504)
 [0.189815,0.239925)
 [0.189785,0.222338)
 [0.189688,0.255075)
 [0.189605,0.219273)
 [0.189434,0.196074)
 [0.189432,0.23031)
 [0.189361,0.197199)
 [0.189128,0.238075)
 [0.189121,0.244196)
 [0.18883,0.223585)
 [0.188598,0.194047)
 [0.188583,0.213747)
 [0.188553,0.20607)
 [0.188539,0.210035)
 [0.188344,0.214179)
 [0.188215,0.204169)
 [0.188128,0.236804)
 [0.187992,0.20083)
 [0.187771,0.235938)
 [0.187509,0.218762)
 [0.187426,0.227294)
 [0.187348,0.197894)
 [0.187269,0.217243)
 [0.187094,0.224245)
 [0.187038,0.201457)
 [0.186952,0.190028)
 [0.186847,0.189563)
 [0.186667,0.199116)
 [0.186439,0.221013)
 [0.186398,0.220176)
 [0.186379,0.19381)
 [0.18632,0.230125)
 [0.186042,0.237346)
 [0.186027,0.236053)
 [0.186025,0.203408)
 [0.185965,0.250613)
 [0.185789,0.216546)
 [0.185625,0.219687)
 [0.185524,0.198209)
 [0.185184,0.198199)
 [0.185142,0.206697)
 [0.185128,0.229062)
 [0.185062,0.194429)
 [0.184959,0.192546)
 [0.184929,0.206702)
 [0.184822,0.225681)
 [0.184723,0.234149)
 [0.18465,0.221256)
 [0.184192,0.245732)
 [0.183925,0.210414)
 [0.183922,0.184639)
 [0.183916,0.204793)
 [0.183733,0.199201)
 [0.183572,0.190746)
 [0.183465,0.189532)
 [0.183443,0.239687)
 [0.183247,0.240497)
 [0.183236,0.197002)
 [0.183062,0.212075)
 [0.182981,0.204202)
 [0.182764,0.187565)
 [0.182582,0.208594)
 [0.18245,0.241582)
 [0.182187,0.193897)
 [0.182079,0.205761)
 [0.181925,0.245264)
 [0.181691,0.204301)
 [0.18166,0.227296)
 [0.181242,0.192884)
 [0.180993,0.235457)
 [0.180892,0.203007)
 [0.180879,0.216152)
 [0.180813,0.24557)
 [0.180624,0.232529)
 [0.180533,0.192839)
 [0.180219,0.265619)
 [0.180097,0.221162)
 [0.180058,0.193385)
 [0.180044,0.254114)
 [0.179991,0.221456)
 [0.179974,0.247616)
 [0.17995,0.195256)
 [0.179819,0.199896)
 [0.179626,0.207124)
 [0.179619,0.202502)
 [0.179595,0.223667)
 [0.179547,0.203398)
 [0.179512,0.222126)
 [0.179436,0.259492)
 [0.179428,0.186703)
 [0.179359,0.240847)
 [0.179286,0.199798)
 [0.179108,0.231553)
 [0.179049,0.188841)
 [0.178959,0.235972)
 [0.178827,0.205893)
 [0.178814,0.220829)
 [0.178785,0.198937)
 [0.178762,0.19936)
 [0.178716,0.189536)
 [0.178516,0.229586)
 [0.178478,0.210168)
 [0.178437,0.186796)
 [0.178391,0.199424)
 [0.178373,0.200997)
 [0.178368,0.251812)
 [0.178367,0.288703)
 [0.178299,0.195522)
 [0.178284,0.211095)
 [0.178103,0.224184)
 [0.178024,0.191576)
 [0.177995,0.24519)
 [0.177817,0.210956)
 [0.177707,0.224389)
 [0.177575,0.184632)
 [0.177501,0.19579)
 [0.177446,0.217681)
 [0.177393,0.183936)
 [0.177288,0.212537)
 [0.177211,0.184814)
 [0.177156,0.222587)
 [0.177153,0.177714)
 [0.177145,0.243671)
 [0.177108,0.239454)
 [0.177091,0.246374)
 [0.177003,0.221182)
 [0.176995,0.187407)
 [0.176962,0.177641)
 [0.17683,0.255924)
 [0.176714,0.227917)
 [0.17668,0.189609)
 [0.17661,0.182924)
 [0.176595,0.184348)
 [0.176428,0.254623)
 [0.176351,0.224829)
 [0.176306,0.177725)
 [0.176247,0.181428)
 [0.176231,0.215339)
 [0.176166,0.234567)
 [0.176126,0.22432)
 [0.176117,0.255699)
 [0.175932,0.19392)
 [0.175787,0.187157)
 [0.175724,0.176592)
 [0.175715,0.181642)
 [0.175616,0.189026)
 [0.17544,0.176624)
 [0.175375,0.181265)
 [0.175315,0.260817)
 [0.175232,0.239018)
 [0.175221,0.205874)
 [0.175159,0.265903)
 [0.175151,0.194968)
 [0.175107,0.197116)
 [0.174935,0.191496)
 [0.174922,0.17758)
 [0.174702,0.198812)
 [0.174694,0.224599)
 [0.174608,0.211022)
 [0.17458,0.240024)
 [0.174521,0.26447)
 [0.174509,0.188805)
 [0.174422,0.178718)
 [0.174392,0.213169)
 [0.174318,0.242153)
 [0.174113,0.195639)
 [0.174085,0.210484)
 [0.174075,0.249228)
 [0.174064,0.19733)
 [0.174035,0.217322)
 [0.173843,0.245203)
 [0.173749,0.248605)
 [0.173707,0.174997)
 [0.173314,0.185017)
 [0.173248,0.211422)
 [0.173222,0.186542)
 [0.173087,0.208067)
 [0.17302,0.260483)
 [0.172791,0.246396)
 [0.172782,0.221855)
 [0.172709,0.218785)
 [0.172709,0.210087)
 [0.172621,0.204553)
 [0.172553,0.228164)
 [0.1725,0.20801)
 [0.172483,0.177157)
 [0.172384,0.23848)
 [0.172308,0.19546)
 [0.172276,0.187424)
 [0.172238,0.215391)
 [0.172074,0.230401)
 [0.172053,0.181422)
 [0.171888,0.201727)
 [0.171759,0.19535)
 [0.171631,0.268698)
 [0.171551,0.232965)
 [0.171548,0.217008)
 [0.171218,0.250084)
 [0.171114,0.196429)
 [0.171019,0.212606)
 [0.170933,0.194462)
 [0.170919,0.221969)
 [0.170918,0.20035)
 [0.170911,0.211457)
 [0.170805,0.248805)
 [0.17069,0.243016)
 [0.170677,0.218366)
 [0.170613,0.211355)
 [0.170518,0.240516)
 [0.170515,0.197456)
 [0.170364,0.235529)
 [0.170301,0.192296)
 [0.170236,0.170295)
 [0.170108,0.185923)
 [0.17008,0.223398)
 [0.170062,0.224262)
 [0.170041,0.238291)
 [0.170033,0.254294)
 [0.169901,0.198464)
 [0.169869,0.212766)
 [0.16984,0.234843)
 [0.169831,0.199366)
 [0.169766,0.203424)
 [0.169732,0.261559)
 [0.16963,0.207008)
 [0.169572,0.213126)
 [0.169566,0.245918)
 [0.16952,0.216545)
 [0.169494,0.200366)
 [0.169491,0.212886)
 [0.169465,0.194305)
 [0.16937,0.255605)
 [0.169228,0.170174)
 [0.169195,0.270758)
 [0.169062,0.175021)
 [0.169006,0.218463)
 [0.168938,0.218699)
 [0.168873,0.207046)
 [0.168827,0.204062)
 [0.168815,0.187064)
 [0.168757,0.242609)
 [0.168743,0.199033)
 [0.168741,0.227785)
 [0.168605,0.198297)
 [0.168575,0.200147)
 [0.168564,0.218142)
 [0.168545,0.190473)
 [0.16853,0.200019)
 [0.168526,0.236871)
 [0.168356,0.179021)
 [0.168274,0.187629)
 [0.168272,0.177099)
 [0.168226,0.210146)
 [0.168184,0.198471)
 [0.167845,0.206246)
 [0.167583,0.212123)
 [0.167546,0.237597)
 [0.167404,0.258777)
 [0.167373,0.212126)
 [0.167363,0.21772)
 [0.167139,0.218554)
 [0.166844,0.177475)
 [0.16681,0.194188)
 [0.166802,0.209288)
 [0.166732,0.201242)
 [0.166684,0.229704)
 [0.166433,0.17336)
 [0.166381,0.189092)
 [0.166367,0.194958)
 [0.166354,0.216092)
 [0.166238,0.186598)
 [0.166144,0.251751)
 [0.166134,0.212149)
 [0.166081,0.210997)
 [0.166067,0.228944)
 [0.166059,0.234671)
 [0.165978,0.210033)
 [0.165972,0.248373)
 [0.165912,0.262452)
 [0.165909,0.17989)
 [0.1659,0.220919)
 [0.165892,0.168462)
 [0.165886,0.241246)
 [0.165803,0.189709)
 [0.165757,0.176567)
 [0.165704,0.198966)
 [0.16566,0.190529)
 [0.165591,0.204636)
 [0.165499,0.23327)
 [0.165447,0.190448)
 [0.165409,0.21424)
 [0.165397,0.188203)
 [0.165099,0.235745)
 [0.16504,0.175318)
 [0.165023,0.205032)
 [0.165021,0.192614)
 [0.164971,0.243756)
 [0.164903,0.196727)
 [0.164852,0.245224)
 [0.16479,0.204018)
 [0.164745,0.170993)
 [0.164744,0.208099)
 [0.164716,0.167756)
 [0.164691,0.194442)
 [0.164591,0.213)
 [0.164583,0.234952)
 [0.164476,0.173298)
 [0.164464,0.189944)
 [0.164444,0.224161)
 [0.164433,0.194084)
 [0.164429,0.18761)
 [0.164427,0.250323)
 [0.164361,0.186717)
 [0.164311,0.20362)
 [0.164251,0.204654)
 [0.164215,0.231145)
 [0.164095,0.192362)
 [0.164063,0.208172)
 [0.164047,0.211921)
 [0.16396,0.247646)
 [0.163841,0.201917)
 [0.16384,0.239818)
 [0.163836,0.247078)
 [0.163808,0.193511)
 [0.163684,0.198298)
 [0.163652,0.247531)
 [0.163463,0.173334)
 [0.163384,0.199152)
 [0.163377,0.193433)
 [0.163327,0.182645)
 [0.163266,0.217708)
 [0.163091,0.270775)
 [0.162925,0.162936)
 [0.162818,0.225317)
 [0.162662,0.278065)
 [0.162488,0.180047)
 [0.162343,0.24204)
 [0.162169,0.241768)
 [0.162156,0.213323)
 [0.162121,0.242543)
 [0.161982,0.173128)
 [0.161968,0.167785)
 [0.161926,0.169437)
 [0.161765,0.209965)
 [0.161743,0.243583)
 [0.161668,0.165188)
 [0.161634,0.255408)
 [0.161455,0.259938)
 [0.161421,0.242026)
 [0.16139,0.183095)
 [0.161369,0.194839)
 [0.161319,0.175995)
 [0.161279,0.215904)
 [0.161185,0.214092)
 [0.16115,0.189799)
 [0.16108,0.175152)
 [0.161076,0.197227)
 [0.160956,0.213393)
 [0.160939,0.198799)
 [0.16087,0.254161)
 [0.16071,0.180933)
 [0.160632,0.263935)
 [0.160213,0.177655)
 [0.160133,0.206441)
 [0.160131,0.197902)
 [0.160068,0.243305)
 [0.160045,0.162205)
 [0.160009,0.187822)
 [0.159974,0.168755)
 [0.159974,0.241776)
 [0.159848,0.216605)
 [0.159841,0.248134)
 [0.159824,0.215829)
 [0.159791,0.20018)
 [0.159778,0.161725)
 [0.159723,0.217039)
 [0.159594,0.222481)
 [0.159551,0.182204)
 [0.159542,0.191101)
 [0.15954,0.162137)
 [0.159308,0.234883)
 [0.159292,0.165364)
 [0.159262,0.244965)
 [0.159208,0.168382)
 [0.159182,0.213488)
 [0.159143,0.193621)
 [0.159089,0.170309)
 [0.158983,0.213803)
 [0.158983,0.159065)
 [0.158932,0.174832)
 [0.158856,0.251276)
 [0.158846,0.198565)
 [0.158794,0.206121)
 [0.158705,0.238197)
 [0.158463,0.185771)
 [0.158449,0.27712)
 [0.158217,0.222154)
 [0.158105,0.19084)
 [0.158026,0.202232)
 [0.157962,0.182473)
 [0.157898,0.255876)
 [0.157894,0.22155)
 [0.15782,0.221503)
 [0.157738,0.184134)
 [0.157618,0.163968)
 [0.157598,0.179801)
 [0.157503,0.255248)
 [0.157488,0.257417)
 [0.157393,0.173496)
 [0.15739,0.217675)
 [0.157385,0.181136)
 [0.157335,0.208742)
 [0.157306,0.262991)
 [0.15726,0.209041)
 [0.157047,0.202505)
 [0.156997,0.162775)
 [0.156974,0.16426)
 [0.156954,0.171083)
 [0.156948,0.160364)
 [0.156604,0.189638)
 [0.156524,0.160177)
 [0.15647,0.164659)
 [0.156424,0.238918)
 [0.15636,0.232207)
 [0.156268,0.178575)
 [0.156176,0.264775)
 [0.156166,0.185086)
 [0.156155,0.16279)
 [0.155856,0.159026)
 [0.155856,0.219786)
 [0.155767,0.157841)
 [0.155665,0.257833)
 [0.155665,0.168148)
 [0.155492,0.227287)
 [0.155441,0.194351)
 [0.155318,0.185699)
 [0.155245,0.184581)
 [0.155227,0.156151)
 [0.155196,0.177242)
 [0.155134,0.232249)
 [0.155124,0.235338)
 [0.154994,0.239384)
 [0.154955,0.160502)
 [0.154781,0.159133)
 [0.154777,0.201521)
 [0.154625,0.163398)
 [0.154615,0.21675)
 [0.15446,0.205457)
 [0.154453,0.289924)
 [0.154418,0.180707)
 [0.154401,0.16039)
 [0.154384,0.229768)
 [0.154298,0.272253)
 [0.154262,0.216832)
 [0.154245,0.169809)
 [0.154242,0.161805)
 [0.154118,0.199029)
 [0.153569,0.15988)
 [0.153548,0.163857)
 [0.152993,0.180431)
 [0.152895,0.216533)
 [0.152623,0.168051)
 [0.152531,0.169282)
 [0.152359,0.174533)
 [0.152276,0.198433)
 [0.152104,0.166543)
 [0.15207,0.189287)
 [0.152063,0.205234)
 [0.152044,0.181232)
 [0.152022,0.166727)
 [0.151945,0.163681)
 [0.151925,0.191029)
 [0.151883,0.189732)
 [0.151847,0.182845)
 [0.151842,0.183703)
 [0.151785,0.18769)
 [0.151784,0.222168)
 [0.15159,0.153155)
 [0.151586,0.199302)
 [0.151239,0.213571)
 [0.151025,0.153955)
 [0.151022,0.222364)
 [0.1509,0.181552)
 [0.15074,0.163006)
 [0.150713,0.22073)
 [0.150703,0.165575)
 [0.150532,0.230598)
 [0.15049,0.255347)
 [0.150398,0.18455)
 [0.150328,0.217956)
 [0.150282,0.197322)
 [0.150242,0.175667)
 [0.150237,0.248541)
 [0.150178,0.213691)
 [0.15014,0.170329)
 [0.15009,0.173777)
 [0.149944,0.175595)
 [0.149888,0.181625)
 [0.149663,0.175599)
 [0.14952,0.190837)
 [0.149492,0.184567)
 [0.149325,0.192063)
 [0.149284,0.225586)
 [0.14917,0.172041)
 [0.149157,0.169699)
 [0.149144,0.183021)
 [0.149006,0.248531)
 [0.148903,0.172926)
 [0.14881,0.221319)
 [0.148636,0.174795)
 [0.148538,0.17403)
 [0.148505,0.181495)
 [0.148471,0.264707)
 [0.148231,0.199711)
 [0.148158,0.244224)
 [0.148059,0.214713)
 [0.147924,0.181392)
 [0.147867,0.212196)
 [0.147741,0.204461)
 [0.147656,0.174354)
 [0.147487,0.168213)
 [0.147441,0.150959)
 [0.147082,0.168157)
 [0.147081,0.187199)
 [0.146761,0.210585)
 [0.146566,0.18476)
 [0.146516,0.148929)
 [0.146446,0.227686)
 [0.146414,0.192293)
 [0.146318,0.154016)
 [0.146205,0.232596)
 [0.146191,0.170993)
 [0.146169,0.165772)
 [0.146001,0.197954)
 [0.145897,0.214121)
 [0.145859,0.183463)
 [0.145704,0.181714)
 [0.145587,0.222459)
 [0.145584,0.161418)
 [0.145461,0.147659)
 [0.145406,0.191268)
 [0.145298,0.165412)
 [0.145298,0.190297)
 [0.145247,0.165236)
 [0.145217,0.161762)
 [0.145154,0.170559)
 [0.145096,0.221604)
 [0.144781,0.166231)
 [0.144721,0.198955)
 [0.144712,0.154042)
 [0.144456,0.194304)
 [0.144316,0.204176)
 [0.143797,0.200858)
 [0.143767,0.161615)
 [0.143549,0.232837)
 [0.143537,0.23303)
 [0.143265,0.168164)
 [0.143237,0.179643)
 [0.143235,0.1635)
 [0.143233,0.233448)
 [0.143214,0.174234)
 [0.142974,0.155899)
 [0.142962,0.186744)
 [0.14283,0.146903)
 [0.142565,0.147015)
 [0.142433,0.177218)
 [0.142242,0.163372)
 [0.141821,0.145721)
 [0.14167,0.171267)
 [0.14133,0.145829)
 [0.141299,0.220032)
 [0.141243,0.21903)
 [0.141097,0.211197)
 [0.140227,0.20749)
 [0.139893,0.191967)
 [0.139483,0.147056)
 [0.13933,0.182626)
 [0.139248,0.173418)
 [0.13866,0.154386)
 [0.138386,0.252121)
 [0.13817,0.170481)
 [0.138142,0.141089)
 [0.13804,0.169656)
 [0.137932,0.183785)
 [0.13789,0.167149)
 [0.137764,0.162733)
 [0.137647,0.228757)
 [0.137378,0.177515)
 [0.137044,0.177451)
 [0.136948,0.237366)
 [0.136782,0.209907)
 [0.136481,0.192116)
 [0.136404,0.153219)
 [0.135809,0.158509)
 [0.135628,0.137037)
 [0.135322,0.154081)
 [0.135072,0.168951)
 [0.135053,0.149871)
 [0.134719,0.148452)
 [0.134639,0.137077)
 [0.133869,0.16775)
 [0.133571,0.141738)
 [0.133265,0.166006)
 [0.133261,0.163242)
 [0.132993,0.143671)
 [0.132889,0.1612)
 [0.132801,0.135529)
 [0.132686,0.19803)
 [0.132529,0.151877)
 [0.132483,0.168285)
 [0.131967,0.170028)
 [0.131675,0.163815)
 [0.131642,0.142967)
 [0.13134,0.1381)
 [0.131318,0.143754)
 [0.130991,0.141445)
 [0.130247,0.150654)
 [0.130193,0.159966)
 [0.129601,0.1481)
 [0.129012,0.15181)
 [0.128407,0.169463)
 [0.126649,0.169007)
 [0.125054,0.182138)
 [0.124348,0.150337)
 [0.12419,0.143188)
 [0.12229,0.164528)
 [0.0906533,0.0985934)
persistence intervals in dim 2:
 [1.42456,1.42853)
 [1.22263,1.22347)
 [1.17145,1.17989)
 [1.16878,1.16942)
 [1.16742,1.17159)
 [1.16695,1.17336)
 [1.16359,1.17208)
 [1.15951,1.17025)
 [0.73008,1.1713)
 [0.297654,1.42853)
 [0.238765,0.254937)
 [0.202198,0.204112)
