48                                               

-4.821234449181975e-01 3.238596126793466e-01
4.617209295252164e-01 2.646816700793946e-01
-2.209249605414272e-01 -5.885914775107858e-01
5.557703590453625e-01 1.124110987339278e-01
-1.096606456101681e+00 -3.070076297429160e-01
-1.308293856939285e+00 -2.163155556154646e-01
-7.418902250338413e-01 -4.867885375358253e-01
-4.598994057989815e-01 4.018314644306250e-01
-1.131856078082846e-01 6.491296044114361e-02
1.000000000000000e+00 0.000000000000000e+00
7.848097250884281e-01 2.904153002558387e-01

7.129701219695846e-01 1.112686767533056e-01
-9.908126790463185e-01 -3.034010738669728e-01
-5.129427246224308e-01 -5.764311786582966e-01
3.750277423282784e-01 -4.612906671730116e-01
6.490193350318124e-01 2.438478735837329e-01
-1.202454671304487e+00 -9.760258326460171e-02
-8.064424255915985e-01 -3.872550079485155e-01
1.385182959514386e-01 5.467653166094359e-02
1.000000000000000e+00 0.000000000000000e+00
-9.598113866114198e-02 3.014646308539617e-01
5.455031315726048e-01 4.378825773073835e-01

1.082078828596374e-01 2.481989759897023e-01
-2.559630807469557e-01 4.427833133685007e-01
1.197158599891860e+00 -3.209210562350263e-01
-7.089410864641236e-01 1.700037470697166e-01
-1.260211291148034e+00 -4.540602045056826e-01
9.033005912105233e-01 8.825769313468192e-01
-4.561400905709369e-01 7.316296905327496e-01
-3.243141083068960e-01 -4.746424898611969e-01
1.000000000000000e+00 0.000000000000000e+00
3.997918648656299e-01 -7.193521434315292e-01
-3.126818762535161e-02 4.924385631468573e-02

-9.304751250709999e-01 2.201827995092515e-01
-1.186377228038774e+00 -9.370254574077508e-01
1.220413458067811e+00 3.120702170459079e-01
-1.710391600084734e-01 -6.501964957939639e-01
-1.052103054752178e+00 6.204620794766482e-01
1.486141798389436e-01 2.165618974321359e-01
1.000000000000000e+00 0.000000000000000e+00
6.045243611113028e-01 -4.835065867152342e-01
-9.180246860115306e-01 -3.331425415443608e-01
-7.260287333387806e-01 6.081406967078062e-02
2.336003937252083e-01 -4.735685357114204e-02

3.831468176374806e-02 -6.135398319201282e-01
-4.389462375743351e-01 -1.220319286952288e+00
1.309659873814962e+00 -6.767958214972661e-01
-8.971515371653012e-01 7.820080456315520e-02
-1.596946704953903e+00 4.807858886149722e-02
-1.164303100769480e+00 -1.116042026202662e+00
6.398331020024500e-01 -1.197440321476654e-01
-4.072308449935570e-01 9.116641442559781e-02
1.000000000000000e+00 0.000000000000000e+00
3.155093464925637e-01 2.201681528651555e-01
1.366235080836774e-01 -3.881001986972622e-01

6.414127161063434e-01 -1.944270582189130e-01
-1.281089857702689e+00 -7.873600584024317e-01
1.541572277434664e+00 1.309180641308413e+00
-2.549815239631024e-01 -1.217438486658777e-01
8.226797392966700e-01 -6.683079007922248e-01
-1.412705051170703e+00 1.136229901598204e+00
-7.002663845744940e-01 4.429764740329126e-01
-5.884006955475332e-01 -2.548151296253598e-01
1.000000000000000e+00 0.000000000000000e+00
1.209185123054595e-02 -2.135730193884961e-02
4.921016425600473e-01 -1.819373178103760e-01

1.563756968413610e-01 -3.030168002370854e-01
-5.604089630331491e-01 5.451940608235495e-02
-1.060528398409380e+00 2.826196889560356e-01
7.039112790207724e-01 -6.574847359097613e-02
-1.071840510561168e+00 -4.566246326680200e-01
-9.444273393075514e-01 -7.547060932462077e-01
-1.151546648676634e-01 -5.896710488158758e-01
-1.385734242287593e-01 -3.085688493561465e-01
1.000000000000000e+00 0.000000000000000e+00
-3.289597913020427e-02 7.174537767012991e-01
-6.232250389147564e-02 8.195091693561792e-01

-4.758423402583818e-01 -3.373125398061763e-01
1.570798890996768e+00 2.839037944312778e-01
-1.622066765956281e-01 -5.713996774188601e-01
-6.734877283839789e-01 3.773983297075871e-01
-1.212432615121944e-02 -1.065613872666681e+00
-1.314087413039708e+00 -2.437844055543082e-01
1.924968230227813e-01 7.865311278576372e-01
-1.955997866998405e-01 3.178112999253117e-01
1.000000000000000e+00 0.000000000000000e+00
-3.901205039349623e-01 -7.729718351683952e-01
3.722117190389609e-01 -7.257809559610748e-01

2.398001784618129e-01 -3.378457649839008e-01
-7.158859370271703e-01 -5.807532085999585e-01
-5.100145517752099e-01 5.420721974161147e-01
-6.933764414192138e-01 1.824417436104649e-02
1.038233402813428e+00 4.153455335662437e-02
-1.297442357664635e+00 -5.314329120195241e-01
1.000000000000000e+00 0.000000000000000e+00
-1.466415671501670e-01 -4.539990413962233e-01
-6.584405521655203e-01 -6.244917378259903e-01
-5.541806126515234e-02 -1.168829696360297e-01
-8.229714587250962e-01 -6.284130105568897e-02

-3.722910943942583e-01 2.588495123514959e-01
1.706199355180728e+00 6.236593696783532e-01
-1.376986692445830e+00 -8.773721707588645e-01
-5.934859224418735e-01 -4.552446323984966e-03
-4.920491493253227e-01 1.229982004118015e+00
9.615672530747423e-01 -8.268698204921642e-01
1.000000000000000e+00 0.000000000000000e+00
5.501631596237102e-01 1.822836999554564e-02
4.648633496331012e-01 -4.160269385988036e-01
-6.392894568856518e-01 2.421838649150698e-01
-7.191310827803072e-01 -1.202472828679654e-01

-5.311622967737322e-01 -3.844676366672912e-01
7.488866476904368e-01 3.725331662372526e-01
6.517250440256034e-01 1.608222235307503e-01
-6.898741652137744e-01 4.317892789417079e-01
-9.309720393886156e-01 -1.932286835242850e-01
1.028646062365816e+00 2.996433876356231e-01
1.000000000000000e+00 0.000000000000000e+00
1.474537958316313e-02 2.973654472827073e-01
-3.292320617429800e-01 -3.983593033477504e-01
-8.718522279799302e-01 2.753063268347120e-01
-1.697142140224642e-01 7.061611805835644e-02

4.877175406549782e-01 -2.083296349374422e-02
1.338178684415235e+00 7.766372996101161e-01
-1.279019397336725e+00 -3.336849497449986e-01
4.672358000233763e-01 -1.787212232172692e-01
-7.830799552727662e-01 7.411808466888867e-01
3.453573604838334e-02 -3.981574849804224e-01
-8.257266193747048e-01 -1.450819357820636e-01
-2.178602204487833e-01 -2.857818743766379e-01
1.000000000000000e+00 0.000000000000000e+00
6.410424928191911e-01 -3.228349538373126e-02
4.940884667375685e-01 1.091521367980345e-01

-1.307506131277134e-01 -6.177659224777701e-01
-1.193874514703096e+00 2.168411211559642e+00
5.054936927230239e-01 -8.211663826237191e-01
-9.084136249211490e-01 1.920257730384863e-01
2.461841406055102e+00 1.237970281500418e+00
-1.452889497740076e+00 -5.699905532367173e-01
1.525305497451598e-01 2.636211082836953e-01
4.684008530249677e-01 -4.027164190189954e-01
1.000000000000000e+00 0.000000000000000e+00
-3.230745373663078e-01 3.155199896247877e-02
4.397907931838464e-01 -4.234968198411765e-01

-7.452238391809091e-01 1.200002448204134e-01
1.238663941514298e+00 1.804353742892129e-01
-1.512030373377125e+00 -5.460094455936524e-01
-1.237506012909986e-02 3.425043788770550e-01
-3.760681151642558e-01 -6.258888062802418e-01
-4.537131600709429e-01 9.092617113148984e-01
2.202103234201054e-01 5.125002773608265e-01
-5.478523623230626e-01 1.259896858015055e-01
1.000000000000000e+00 0.000000000000000e+00
-7.973064789556527e-01 -2.734445193671323e-01
2.860744156741994e-01 -5.060723484650534e-01

4.420402896483225e-01 6.597905864179215e-03
-1.412727361616758e+00 -5.418386225902472e-01
1.515639026166141e+00 1.058958591948321e+00
5.136204993419003e-01 -1.880417463357198e-01
3.938725732742075e-01 -7.784107168960732e-01
-1.136449421047925e+00 1.048845716719621e+00
-7.774686349343430e-01 -1.544936503278768e-01
-2.173863930993948e-01 -2.379711909318635e-01
1.000000000000000e+00 0.000000000000000e+00
1.510417692435488e-01 1.316390915307856e-01
3.317244745500529e-01 7.557531474543733e-02

-5.122082626021944e-01 5.506870300693438e-01
1.114794429542237e+00 -1.895851138343885e+00
-1.543235070184075e-01 1.054487393133436e+00
-7.290305947828505e-01 -2.584265911840046e-01
2.223033623267527e+00 1.157139449862206e+00
-1.607372994345533e+00 -3.582062509179432e-01
6.307371588325910e-01 -3.133292331419773e-01
1.000000000000000e+00 0.000000000000000e+00
7.491633833028314e-01 6.446720583716631e-02
-7.006974147907854e-01 6.384089666766871e-02
1.458967483150861e-01 3.041773606057303e-01

-9.007833375324859e-02 4.645787399132132e-03
7.177343269498422e-02 -4.590345057871628e-01
7.883594015501827e-01 4.664697635371469e-01
6.600513511678188e-01 -1.412724486934766e-01
-1.267857222726881e+00 -3.879159963563487e-01
-9.825562316889245e-01 -4.609714582437296e-02
-5.166302684507719e-01 -1.706044376186170e-01
3.574152302100110e-01 -2.319054391929837e-01
1.000000000000000e+00 0.000000000000000e+00
9.590931276338532e-02 9.130223037504470e-02
-5.175867632264314e-02 2.166604995584459e-01

-9.241185369080451e-01 3.291200649425234e-01
1.059677769535851e+00 3.415397996224750e-01
6.821875748614936e-01 -2.691865752674062e-01
3.225232022826726e-01 6.526054434573382e-01
-5.280744279478110e-01 -1.835981395482696e-01
-1.121349441716971e+00 -5.321040670154935e-01
-7.608862031166537e-01 -1.349621225207490e-01
-4.784154779442349e-01 -1.739140872819736e-01
-1.608691074885609e-01 -1.924062452152127e-01
1.000000000000000e+00 0.000000000000000e+00
6.646690176006886e-01 2.341475990141188e-01

5.013776841125528e-01 -2.854660403184307e-01
-1.365865133124069e-01 4.872496566839611e-01
-8.879967444358223e-01 -5.652332029334970e-01
5.130381058027509e-01 9.640754984357411e-02
-1.280099297538878e+00 -4.104582732880329e-01
-9.522976461178926e-01 9.333886616030268e-02
1.000000000000000e+00 0.000000000000000e+00
-1.523648009281354e-01 -7.171062089882551e-01
-6.217000397056887e-01 -1.169453849203588e-01
-5.709172250821125e-01 4.951509130801914e-01
-7.471279226211219e-01 2.369114482552352e-01

4.771435618761986e-01 -4.156747792388344e-01
5.657341943583887e-01 8.948495881309740e-01
-1.068839468985239e+00 -2.812689864089560e-01
6.297223703856311e-01 1.662176766139342e-01
-1.316592971656875e+00 3.598028870509309e-02
5.839186976695570e-01 1.925053400233094e-01
-9.054820765402986e-01 -1.480913564753155e-01
-3.727678620092139e-01 -3.511715664739503e-01
1.000000000000000e+00 0.000000000000000e+00
4.888411117098498e-01 -2.863873902957940e-01
6.780412717426020e-01 2.830348937281369e-01

9.889702704548180e-01 3.105119350010532e-01
-3.714664727788017e-02 -1.168828530929212e+00
-2.616433005232377e-01 5.884319889713279e-01
-4.822927692235301e-01 8.309322746294447e-01
1.637251577628692e+00 2.537530334958527e-01
-1.349629236768766e+00 -4.201140089419000e-01
-7.614645087178877e-01 3.929692495157139e-02
-2.570784902061813e-01 -8.716467718830598e-01
1.000000000000000e+00 0.000000000000000e+00
1.340368642949935e-01 5.832648803511916e-01
5.880828370401550e-01 -5.659706194979539e-01

-1.037586040623904e+00 -7.771103487357602e-01
-1.000175469802961e+00 -1.084141849215921e-01
1.268133226685629e+00 3.486656416859290e-01
-9.358820811594112e-01 9.616429499199948e-01
-7.111143669524531e-01 -4.928073788615693e-01
8.198884244697167e-02 -3.551169017688282e-01
1.000000000000000e+00 0.000000000000000e+00
-3.421222548945450e-01 -7.445513388059870e-01
-2.523756600011118e-01 1.518807971805199e-01
-1.812964937745739e-01 3.936925227345391e-01
-3.535524819101793e-01 -3.531814720754175e-01

3.522788438915899e+00 -4.068530407621590e+00
-1.094000195328782e+00 2.058615148247577e+00
-1.136852962971325e+00 1.490587395099863e+00
4.087074173768624e+00 3.483887427173082e+00
-2.367270141954233e+00 -1.145201361614585e+00
-1.883733622369792e+00 -1.118851165140725e+00
6.991115903632653e-02 -3.821107645631835e-01
1.000000000000000e+00 0.000000000000000e+00
-2.672583718721292e-01 1.081180269985804e-01
4.707695152922492e-01 5.029300417723390e-01
5.375899618724710e-01 5.207681040813815e-01

6.870036438191599e-01 3.587144130272249e-02
-1.104114175916510e+00 1.313556363112272e-01
1.281515100030398e+00 2.009363731671497e-01
-3.117163555627292e-01 3.795417346684855e-01
-7.932341591180161e-01 -7.613227806466809e-01
2.783703391161148e-01 5.587372047288670e-01
-1.827117336589833e-01 -9.333214361166755e-01
1.000000000000000e+00 0.000000000000000e+00
-5.534996789008235e-01 2.303029764179018e-01
5.177147753624856e-01 5.564907291200859e-01
-4.062002407179748e-01 8.048715419463420e-02

6.049078982887773e-01 -1.446853289525390e-01
1.210952400881661e-01 -1.217296660991442e-01
-1.249214270766663e+00 -5.017764420371729e-01
-2.816003462923869e-01 2.181906827103394e-02
-1.187685008950970e+00 -3.987728186839312e-01
-4.949764090708055e-01 4.319143835813866e-01
1.000000000000000e+00 0.000000000000000e+00
5.600234497732633e-02 -5.758045148135273e-01
-2.485420966897170e-01 3.055238179851271e-01
-5.466875714332020e-01 5.322710132143166e-01
-9.720940577978385e-01 1.082706853040069e-01

-5.633843434381105e-01 -5.548351376195155e-01
-1.339084655937446e+00 -4.259153734013648e-01
1.072637470507666e+00 5.254327238467786e-01
-8.143246486125014e-01 4.988808650790101e-01
1.780216523614184e-01 -6.261099376689665e-01
-7.315049513911942e-01 2.058222108085692e-01
1.000000000000000e+00 0.000000000000000e+00
-3.085491561651153e-01 -4.867284259625310e-01
-9.869740208599731e-02 -1.507755438523933e-01
-1.503206312106211e-01 5.008730006163928e-02
-4.641852542641139e-01 -1.895603650557511e-01

-7.372121405486353e-01 1.663632958162137e-01
-9.841347052963378e-01 -4.125733816276183e-01
8.853926317777175e-01 -4.088060845857587e-01
9.147222445599484e-02 3.168118645735664e-01
6.776427022661182e-01 7.798775382360276e-02
-1.111866446938923e+00 -6.970196454510977e-01
1.000000000000000e+00 0.000000000000000e+00
-3.903132911906808e-01 1.103753705610882e-01
4.406827757049218e-01 -1.177279357732022e-01
1.411763238800202e-01 -4.364494816929359e-01
-7.949862492279822e-01 8.571820503689102e-02

-3.803680560325509e-01 1.390058798913105e+00
-8.082582583911335e-02 -5.826677892543886e-01
1.521022417326800e-01 -1.061463097673274e+00
-1.514563432094837e+00 -2.872566433754200e-01
1.298083502537095e+00 3.172222815594997e-01
-1.611775871562937e+00 -3.564327946116651e-01
1.000000000000000e+00 0.000000000000000e+00
-3.169744558626865e-01 -6.939806717119168e-01
-3.892087524728024e-01 1.113816530324282e-01
-4.781039236852935e-01 -5.704329153386783e-01
-5.266824423644866e-01 2.400936867810634e-01

-1.579242205937075e-01 3.748802058527900e-01
-9.766712375926733e-01 4.522113472756872e-01
1.084084451198427e+00 -1.496990432621708e+00
-7.359283131345173e-01 4.682914149437187e-02
-1.088982142276420e+00 -8.269533510444929e-01
1.894233940226777e+00 1.074789586375204e+00
3.129129132879211e-01 4.509123792069510e-01
5.863003768691317e-01 4.066303475307602e-02
1.000000000000000e+00 0.000000000000000e+00
1.968465181815544e-01 -3.808899559993850e-01
-4.465029463297299e-01 -8.617959970481992e-02

-4.046808843979635e-01 2.031179687754788e-01
-1.237388432183984e+00 -4.965309839470310e-01
1.440333520948895e+00 2.696250449309560e-01
-5.492982219594198e-01 2.087681286991244e-02
3.739318121938675e-01 -4.159209649978988e-01
3.096739142987953e-02 7.972538232904538e-01
1.000000000000000e+00 0.000000000000000e+00
3.698465247038876e-01 -2.729395444868399e-02
3.010333386553756e-01 -6.110142259966261e-01
-3.579067833902642e-01 -3.250644370684712e-01
-2.882421404013141e-01 2.125033580414109e-01

9.304981908594192e-01 -2.813575381696448e-01
-6.235814533178823e-01 1.304737864293933e-01
-1.096146528647197e+00 -1.886833575084099e-01
2.567676257158981e-01 6.548221348074097e-01
-1.066026830482593e+00 -5.067758460665215e-01
-5.745401913810210e-01 -3.589205024529157e-01
-8.297341061233714e-01 -2.906582841206821e-01
-4.910066200531127e-01 7.150687343558885e-01
9.378326728861802e-02 1.989266243094863e-01
7.895863290099963e-01 -1.692306187642934e-01
1.000000000000000e+00 0.000000000000000e+00

4.313650654254900e-01 1.394421416179664e-01
1.180657089309045e+00 3.639196489278779e-01
-4.232041941891439e-01 -2.599355825598221e-02
5.736450696718181e-01 -2.681379691119872e-01
-1.568375387305952e-01 -1.862519800857134e-01
-1.145417473161795e+00 -3.509971587307802e-01
-6.312852102732009e-01 -3.370460179652162e-01
-5.997229026464108e-02 -1.329391750738836e-01
1.000000000000000e+00 0.000000000000000e+00
6.369590634804618e-01 1.697587691584447e-01
2.821905119005884e-01 4.036543451155069e-01

5.126209818255949e-01 -1.349469089111746e+00
-7.970130052541081e-01 -3.105478410628172e-01
1.936360560947038e-01 2.360688552620756e-01
-1.465804273059947e+00 -4.080357964330293e-01
8.778417421099997e-01 2.407779641432958e-01
1.215239692024864e+00 3.022674636346193e-01
1.000000000000000e+00 0.000000000000000e+00
-1.798184717503686e-01 6.759829102781442e-02
-6.969365130326196e-01 -2.126300865378010e-01
3.865289358402398e-02 -3.083335305137643e-01
-9.718904177778286e-02 7.679799887758662e-02

2.498591754409597e-01 6.973496331985762e-01
-6.598510971910337e-01 1.316134248412081e+00
-1.106204437450244e+00 1.500330957741946e+00
-9.618947181763089e-01 2.785177574150564e-01
-1.764651823375209e+00 -7.521757130041429e-01
-1.894968534846992e+00 -1.093797383174854e+00
-1.193851089154283e-01 2.528415562066716e-01
-1.708113787001969e-01 1.353870886019823e-01
1.000000000000000e+00 0.000000000000000e+00
4.059362608980463e-01 -4.390229786626788e-01
3.742829814891492e-01 -4.284628657089092e-01

-1.358416522398037e+00 -6.642041573327262e-03
5.464794330508540e-01 -3.637713070149451e-01
8.590056019091381e-01 9.826872268224811e-01
-8.590737986493990e-02 1.195336356526127e+00
-1.181159397293034e+00 -5.567996620192280e-01
1.305393161061672e+00 -3.302414813466982e-01
-6.501029481721544e-01 -5.279612004074957e-01
6.609129958379859e-01 -2.247530788118557e-01
1.612865720410362e-01 6.425063191022813e-01
1.000000000000000e+00 0.000000000000000e+00
-1.355429215531926e-01 -4.621950404363745e-02

-7.526757771452276e-02 3.145036683605025e-01
-1.641305803852500e+00 -5.385097281890356e-01
7.129714673710641e-01 1.365372822379837e-01
7.255048749458317e-01 -9.647574888618157e-02
-3.738532114404207e-01 1.136765751147021e+00
-9.895914151337255e-01 -3.190121399804972e-01
-4.740049204633618e-01 -2.818843285281574e-01
-2.238509740583953e-01 3.839313901743796e-01
1.000000000000000e+00 0.000000000000000e+00
1.616856382905668e-01 -3.318349427202107e-02
-4.775779461405467e-02 4.010095088056903e-01

-6.831331033523944e-02 -1.101209030111767e-01
-2.144039393137550e-01 3.327910175692458e-01
1.229151747310102e+00 3.368759827211879e-01
6.736646532944537e-01 -1.502057119336078e-01
-1.226061822134670e+00 -4.324637723388309e-01
-5.947701703036785e-03 1.736538454538629e-01
1.000000000000000e+00 0.000000000000000e+00
-8.623534477527153e-02 4.505225715876566e-01
-9.246733769200205e-01 2.667790105942484e-01
-4.978629931527199e-01 2.353644759180660e-01
-1.207696334060199e-01 -1.187907465853237e-01

-4.585497424988464e-01 -6.857347027809295e-01
1.354396349940844e+00 7.267664302862060e-01
-1.714725527521268e+00 -4.559936437820231e-01
-9.350248614825425e-01 4.364686369584188e-01
-7.062424804656270e-01 7.440138470668601e-01
3.054383733928531e-01 -1.207657950004309e+00
1.000000000000000e+00 0.000000000000000e+00
-2.330154426189782e-01 -4.920223183898042e-01
-2.298469572907229e-01 -2.013574102863221e-01
-7.814777024799621e-01 2.462710763339093e-02
-5.809639573410387e-01 1.030130388879326e-01

-4.185624700926230e-01 9.218684478936143e-01
-3.066571476062402e-01 -2.282502095506900e-01
1.234824125317912e+00 3.619183285371476e-01
-1.082283702290910e+00 -2.699790993817102e-01
1.150532905511029e+00 3.380008129466158e-01
1.519388001124564e-01 -2.228964683881077e-01
1.000000000000000e+00 0.000000000000000e+00
4.321902344470360e-02 3.247520886740195e-01
-3.426771930824222e-01 -1.207298681086618e-01
-4.906839025217497e-01 -3.893519953369267e-01
-9.966422173261325e-02 3.138874696507275e-03

6.006637255555052e-01 1.130983036085345e+00
-4.960173364512156e-01 -2.234197720768401e-01
-1.211685368736660e+00 -3.209576610605539e-01
-1.301812960920898e+00 5.937919368071733e-01
1.076921537117246e+00 3.231948877738112e-01
1.586854185677739e-01 1.521195825241329e-01
1.000000000000000e+00 0.000000000000000e+00
3.097688064277509e-01 5.702992507375989e-02
-2.642916307669542e-01 3.582433253470947e-02
-5.978690992463975e-01 -3.789018768410823e-01
-9.725391247980923e-01 -7.397661509709361e-02

-7.127596421676370e-01 1.505281659888361e-01
8.225333297117837e-01 -1.528506051850933e-01
1.226506801079154e+00 3.595390818892544e-01
-5.367038262313464e-02 -2.538615457844546e-01
-9.776449865790423e-01 -5.979679135499683e-01
1.558555565095670e-01 -1.792574374658216e-01
1.000000000000000e+00 0.000000000000000e+00
-3.668348878773650e-01 9.114614691562557e-02
-7.143565660042991e-01 -6.288062554124765e-01
-4.441528164024154e-01 4.208516927170222e-01
1.031996666394709e-01 1.241314411495440e-01

-5.109927601535545e-01 -1.529878102564844e-02
1.101493242798744e+00 2.087588365229435e-01
-8.826075222773088e-01 -3.122758835684583e-01
-4.599947393740836e-01 2.206180051366904e-01
-5.228803950277240e-01 -4.378232000249543e-01
-8.439448924767281e-01 -1.628326907099397e-01
1.000000000000000e+00 0.000000000000000e+00
5.873126344127332e-02 -2.934730519674993e-02
-2.577103809159029e-02 -8.069372366375434e-01
-7.891284105907940e-01 3.514767987637709e-01
-8.220771311902484e-01 -2.919847427496767e-01

6.466147812172052e-01 -1.380688244282874e-01
1.818741198473463e+00 6.270200082514623e-01
-1.587330261257434e+00 -1.811206006504228e-01
-1.597172454981067e-01 2.747488360760210e-02
-4.935353446032222e-01 1.380876796647880e+00
-1.179157950918549e-01 -1.064663568344490e+00
-5.812643104566094e-01 5.272955563342245e-01
-7.188013210652860e-01 -2.651723512717165e-01
1.000000000000000e+00 0.000000000000000e+00
6.011459280399882e-01 -3.455637333053753e-01
1.054204541023359e-01 -4.540909141795013e-01

8.125017140450597e-01 6.168185628703673e-01
1.332951545565218e+00 6.059995924313266e-02
-1.239754798541612e+00 -3.540488642941176e-01
-8.192888142963197e-01 7.260341953144821e-01
-4.455405163847563e-01 -8.486294564624124e-01
1.090994375730048e-01 -2.373515160726764e-01
-8.714160807630248e-01 -2.252577128498640e-02
5.037405623443826e-01 -3.252293108154630e-01
6.350577841939987e-02 2.733941803161303e-02
2.851057260554848e-01 -9.082412818135610e-02
1.000000000000000e+00 0.000000000000000e+00

2.837856546506625e-01 -1.040108195607756e-01
-7.591931332831825e-01 -8.154514509628521e-01
9.255168304246993e-01 -1.206780341180076e-01
6.044416577252912e-01 -1.061289805080727e-01
-1.165717333942174e+00 1.374342834631394e-01
9.216086574517214e-01 5.693614192013827e-01
-3.527464785625591e-01 -4.985517541586858e-01
-8.937696950781557e-02 1.271848455092496e-01
1.000000000000000e+00 0.000000000000000e+00
8.323739678083220e-02 4.288729459924548e-01
2.548611137739251e-01 -1.328445376586991e-01

3.811370782727315e-01 -6.243653237375311e-01
5.607090291810486e-01 -5.776288753059138e-01
-1.389216177029553e+00 1.955485986504181e+00
-8.355798537479091e-01 -1.726982994935457e-01
-1.281987404696016e+00 -6.105811481597420e-01
2.271465069681462e+00 1.377803105887645e+00
-1.864026233017731e-01 -4.120424887173505e-01
6.684273815221869e-01 -3.993946522339400e-01
1.000000000000000e+00 0.000000000000000e+00
7.864029138112425e-01 -1.028148290680854e-01
-2.132219766244348e-01 3.652926923381324e-01

5.709998725903647e-01 -7.567693254712757e-02
1.251451262651004e+00 6.260614836868067e-01
-1.212349468349003e+00 -3.360487420856998e-01
3.521578498107925e-01 -1.432710831675897e-01
-6.045838973360073e-01 5.369144300757104e-01
-1.132202318586188e-01 -4.972916604068558e-02
-7.306478729462780e-01 -1.065537498997367e-01
-2.632004661083888e-01 -2.178948924383940e-01
1.000000000000000e+00 0.000000000000000e+00
6.509690763153202e-01 -9.492066037896335e-02
3.647619813791458e-01 1.292922295259065e-01

-2.950785247673166e+00 3.820547604182610e+00
1.557300638022954e+00 -6.732381494579102e-01
2.787280928799351e-01 -2.286906259401476e+00
3.843652479541355e+00 2.908678662426411e+00
-1.090645186399354e+00 -1.382034995500523e+00
-2.585447317156427e+00 -4.062986991936510e-01
-3.935785283491686e-01 -2.092090663282139e-01
8.203763915845684e-01 4.050264747573507e-02
-7.303416011911891e-02 1.388020871420510e-02
1.000000000000000e+00 0.000000000000000e+00
6.082866064574352e-01 4.728277345007875e-01

