4                                                

-1.006228628440743e+14 -3.509288062273862e+13
-1.452811479459446e+14 1.885689127580399e+14
1.006228628440741e+14 3.509288062273971e+13
3.509288062273911e+13 -1.006228628440744e+14
1.885689127580395e+14 1.452811479459449e+14
-3.509288062273850e+13 1.006228628440739e+14
1.000000000000000e+00 0.000000000000000e+00
8.157578867946955e-16 6.822671560470893e-16
-5.000000000000001e-01 6.161737786669619e-15
-5.000000000000036e-01 2.414735078559715e-15
-5.000000000000031e-01 2.164934898019055e-15

-1.597027944083276e+14 -5.330457041382609e+12
-3.624162361717298e+13 1.684698748953047e+14
-1.069623626591689e+14 -6.721144734768658e+13
-5.330457041382578e+12 1.597027944083280e+14
1.684698748953041e+14 3.624162361717349e+13
-6.721144734768704e+13 1.069623626591679e+14
1.000000000000000e+00 0.000000000000000e+00
-2.996696226666774e-01 -1.853725582424438e-01
1.846920009247409e-01 1.487399447843926e-01
-5.229847832273413e-01 6.492993474431261e-01
3.430137835116993e-01 -2.735192985347399e-01

-2.258047697782925e+13 -1.951055161938763e+13
-7.526851231115311e+13 7.292630254970467e+13
-5.239628462982581e+13 -5.271121143810371e+12
-1.951055161938770e+13 2.258047697782918e+13
7.292630254970427e+13 7.526851231115288e+13
-5.271121143810910e+12 5.239628462982627e+13
-6.530434826367676e-02 2.053020857160316e-01
-7.876865719846705e-02 -1.662860094595067e-01
1.000000000000000e+00 0.000000000000000e+00
2.791299376403172e-02 1.743012664023831e-01
4.477985913098272e-01 2.600294845381436e-01

-4.695442678871785e+13 2.295020745201375e+13
3.571769136671233e+14 -2.654136870546102e+14
-2.640343320193501e+14 -9.828904354369372e+13
-2.295020745201400e+13 -4.695442678871798e+13
2.654136870546104e+14 3.571769136671236e+14
9.828904354369273e+13 -2.640343320193502e+14
-1.750519954474172e-02 2.806807549971081e-01
6.600658613564313e-02 1.370953071968145e-01
1.000000000000000e+00 0.000000000000000e+00
-1.026689548782746e-01 -1.778934041170335e-01
1.542792435616391e-01 -2.557170631209194e-01

