10

-0.5506309242827728940441688241459492698082874488603520442900626754205521338833639490867628787133488168765729389646817078377759118654862297865201487331618979417254886239020522110639054933874030264305915104371847688652295758420011592823183412376638083102875365877677096988028470694326945753291734225973169951784055e0 0.8133566230372110684688534399761693137779516214049143616921645147521627480497141255435549816620687688463710418400342908811791815130890412793940102970873678148957214202372662186865325352126659905739714231680766357112054067650253612772039733955290395181180668154587029585489359391851749466253458477140000194280250e0
-0.8249792360158551830089413299408497052854942208917946313176074197960582926926703786912021675255382536094527118638890264181189577942457101916525281967858158289898340951459047552927815641090079452848597106655678527993022669999537577918687282893063079607876649992108672877102166859356466837690129798470044571713637e0 0.6567711179618559597284860373879216673112947857798570669062457937234341312784084778456378136031184271086064214847028924686655103492147879575559316780613933935221924796312455400415616192372571616008204406697394819885064435402250115157501697631396413184977887779638639856789850949745405830577269811612943696697344e0
0.3448903306901022043427799043021030762116226376688989754080645339704595654686329117313883335901948296893889200445232936066509802232437239057852660308479682751492541005177990972556585718042598671587340836421569367120585453836710503460994146100247014279238236382884554985974256792705973086141009759442612717234927e0 0.7197584036069225444736087318283478854319151430248455521949190852442163114317340849022868627770145816687625090611260044025386251749129984727880667422995850934132535016392110987864865139332551598674227222849150811441136595477124726098783916204670555341672851489947625670794898805134631294380967491402076565277279e0
-0.1996624339026299530694613281871400798312307718946798273608853443148964247825393326473744930753160934914997171021853590725929329774845543736940734036893722340133396153208269884229675663597220697739163130286757533525484366609689202491143225830641918103855482794613986893629201650703009712008956161640577727266303e0 0.9555103318149276689115237424941894410008894963783331212537643412263708367476326770789833594824049294272593383021954523388784129683069411682942282519640879243846057616988670894591629098841098349619596065300005365979256753489845923630734812612962519054929579053898607515113977891288647057704885862648208903849515e0
0.4907020033612630895726509475935259765630683714212025169054211755250345318056520234599474219911477526322354162055864782782636631762269364513151435567217177034952690487203188258968742970153067376208302234883877635410881280597109444517042457644865898688100956362865351262041306398918782834052056083815997039980466e0 -0.1104967338856665482787078412304239128138300448435384657114081432725595544288038397361004780531003289639831364769091740784286804610222041670296349168991454570270287672340851288384791719574692849575367839425726526887281677069126973820515353652569312153362568050000413806656226535226675633127641473144806101913361e0
0.3291148318225714987437430040592611807114618052203518556608180845675954558690475479727631562247462664675049304362772364319748864858375486088392016276585448290685580188334621847103432543602251934952995879319876420553769400290047261344108218597061742384426812173178974408415756695418323638180940399588534612495507e0 0.6016171054148484720558717314190484595577568125741539011600193636649286153187876614004260538722501333475238483668404912591861381515513912729322866457993688270720225408726956154365207969415523651301563507752553481695063124483894502537456313897519322921271799403519492807609293834275813455838803650195611679014931e0
-0.3895881160401261371164137239125398071944490013016529355742903355254409053834970282457095337611898269094872532680471484341416082550005784837237367844102157040133811966187689173729215106808569675800196015779201028511378316378842773106854424679454442608977665268522032311622282095202649071058676368754121991134199e0 0.6978597491689505817360862885194336109450892952188795605238320081011484051932528603722723132824955594102942263626167533869776037405581133869986840283674319033243757286885090530350114841757356471275581898861293636299277260107067224425387557148577814442153094256670031993739615374539932761450950798900231640622452e0
-0.5761975957101839856026771583706611514462360768489947100907751642658046839219854538706163061302203328458314154560325603671546355383174455011627844120481187684809496745732421965040671743481374951943641676946817924341279351178151143305107707395160203740659517745132740306773078107871085300079978866817143284651629e0 -0.1873311108616023778925591896856750085479923076564959440941379416815105607808812526043912341012059021292130329027019616383497448096806424045388999908269875431668492440661136809306006736479008963410394209847321530292763337314758562193830682613348701321283403557932441069089317412542912028710586898398648561874033e0
0.2514218651291377273432549660480873710864829111372728741391703765025596286636857618345046848359919720297713335082823831012672896023411174785701817419455458384552789015124377147917385947916759464522940708905201439236835169171981118219307721346820875640084987458003216702478928012577939924215479743399924941632723e0 0.9177512311718017911120741842722625067595941623609054417998218825384979919462975671620672456420281051729922710323115368840596107224559590925529991127023430700464654049282746332859102508214693707756875064758978284545773181432109657812093588628872859213748790618868328431658876844581692195917345587161090767924997e0
0.3672083072957462149092006936536102379296394309258788822293932438835465469781587271025474548505881790365709188722905858554570053511179057773279744255226304173568183035106869792933678316392939619470143482914345648377877370219545426593161756436851280630411615689043664842549659942930646273590528153725255839559421e0 0.8260777230324221286645038936812110894681432557399570440417378618290162196145978799348052847579533981310165749532390129739675511881787722023591571588366577379525901406930079608271709325029859161212432868307667856273353903563733237697844896475321612570617558910806897445588574372755123572330669704143356183146229e0

